=== Оптимальный маршрут (NOV): через индивидуальные порты ===

Длина: 3111.47 км
Время: 112.0 ч (4.7 дн)
Точек: 1516

Координаты маршрута:
1. 69.0470, 33.0309
2. 69.0631, 33.0742
3. 69.0791, 33.1176
4. 69.0791, 33.1610
5. 69.0791, 33.2043
6. 69.0951, 33.2477
7. 69.0951, 33.2911
8. 69.1111, 33.3344
9. 69.1271, 33.3778
10. 69.1431, 33.4212
11. 69.1592, 33.4646
12. 69.1752, 33.5079
13. 69.1912, 33.5513
14. 69.2072, 33.5513
15. 69.2232, 33.5513
16. 69.2392, 33.5513
17. 69.2553, 33.5513
18. 69.2713, 33.5513
19. 69.2873, 33.5513
20. 69.3033, 33.5513
21. 69.3193, 33.5513
22. 69.3353, 33.5947
23. 69.3353, 33.6380
24. 69.3353, 33.6814
25. 69.3514, 33.7248
26. 69.3353, 33.7681
27. 69.3353, 33.8115
28. 69.3514, 33.8549
29. 69.3514, 33.8982
30. 69.3674, 33.9416
31. 69.3834, 33.9850
32. 69.3994, 34.0284
33. 69.3994, 34.0717
34. 69.4154, 34.1151
35. 69.4154, 34.1585
36. 69.4154, 34.2018
37. 69.3994, 34.2452
38. 69.3994, 34.2886
39. 69.3834, 34.3319
40. 69.3674, 34.3753
41. 69.3514, 34.4187
42. 69.3353, 34.4621
43. 69.3193, 34.5054
44. 69.3033, 34.5488
45. 69.2873, 34.5922
46. 69.2713, 34.6355
47. 69.2553, 34.6789
48. 69.2553, 34.7223
49. 69.2553, 34.7656
50. 69.2553, 34.8090
51. 69.2392, 34.8524
52. 69.2392, 34.8957
53. 69.2392, 34.9391
54. 69.2553, 34.9825
55. 69.2713, 35.0259
56. 69.2873, 35.0692
57. 69.3033, 35.1126
58. 69.2873, 35.1560
59. 69.2873, 35.1993
60. 69.2873, 35.2427
61. 69.2873, 35.2861
62. 69.2873, 35.3294
63. 69.2713, 35.3728
64. 69.2713, 35.4162
65. 69.2553, 35.4595
66. 69.2553, 35.5029
67. 69.2553, 35.5463
68. 69.2392, 35.5897
69. 69.2392, 35.6330
70. 69.2232, 35.6764
71. 69.2232, 35.7198
72. 69.2072, 35.7631
73. 69.2072, 35.8065
74. 69.2072, 35.8499
75. 69.1912, 35.8932
76. 69.1912, 35.9366
77. 69.1752, 35.9800
78. 69.1592, 36.0234
79. 69.1431, 36.0667
80. 69.1431, 36.1101
81. 69.1271, 36.1535
82. 69.1271, 36.1968
83. 69.1271, 36.2402
84. 69.1111, 36.2836
85. 69.0951, 36.3269
86. 69.0791, 36.3703
87. 69.0631, 36.4137
88. 69.0470, 36.4570
89. 69.0470, 36.5004
90. 69.0310, 36.5438
91. 69.0150, 36.5872
92. 68.9990, 36.6305
93. 68.9990, 36.6739
94. 68.9830, 36.7173
95. 68.9670, 36.7606
96. 68.9510, 36.8040
97. 68.9510, 36.8474
98. 68.9349, 36.8907
99. 68.9189, 36.9341
100. 68.9189, 36.9775
101. 68.9029, 37.0209
102. 68.8869, 37.0642
103. 68.8709, 37.1076
104. 68.8549, 37.1510
105. 68.8549, 37.1943
106. 68.8388, 37.2377
107. 68.8228, 37.2811
108. 68.8068, 37.3244
109. 68.7908, 37.3678
110. 68.7748, 37.4112
111. 68.7588, 37.4545
112. 68.7427, 37.4979
113. 68.7427, 37.5413
114. 68.7427, 37.5847
115. 68.7267, 37.6280
116. 68.7267, 37.6714
117. 68.7107, 37.7148
118. 68.6947, 37.7581
119. 68.6787, 37.8015
120. 68.6627, 37.8449
121. 68.6466, 37.8882
122. 68.6306, 37.9316
123. 68.6146, 37.9750
124. 68.5986, 38.0183
125. 68.5826, 38.0617
126. 68.5666, 38.1051
127. 68.5506, 38.1485
128. 68.5345, 38.1918
129. 68.5185, 38.2352
130. 68.5025, 38.2786
131. 68.4865, 38.3219
132. 68.4705, 38.3653
133. 68.4545, 38.4087
134. 68.4384, 38.4520
135. 68.4224, 38.4954
136. 68.4064, 38.5388
137. 68.3904, 38.5822
138. 68.3904, 38.6255
139. 68.3904, 38.6689
140. 68.3744, 38.7123
141. 68.3584, 38.7556
142. 68.3423, 38.7990
143. 68.3263, 38.8424
144. 68.3263, 38.8857
145. 68.3103, 38.9291
146. 68.2943, 38.9725
147. 68.2783, 39.0158
148. 68.2623, 39.0592
149. 68.2462, 39.1026
150. 68.2302, 39.1460
151. 68.2142, 39.1893
152. 68.1982, 39.2327
153. 68.1822, 39.2761
154. 68.1822, 39.3194
155. 68.1822, 39.3628
156. 68.1822, 39.4062
157. 68.1822, 39.4495
158. 68.1822, 39.4929
159. 68.1822, 39.5363
160. 68.1822, 39.5796
161. 68.1822, 39.6230
162. 68.1822, 39.6664
163. 68.1822, 39.7098
164. 68.1822, 39.7531
165. 68.1662, 39.7965
166. 68.1502, 39.8399
167. 68.1341, 39.8832
168. 68.1181, 39.9266
169. 68.1021, 39.9266
170. 68.0861, 39.9700
171. 68.0701, 39.9700
172. 68.0541, 39.9700
173. 68.0380, 40.0133
174. 68.0220, 40.0567
175. 68.0060, 40.1001
176. 67.9900, 40.1001
177. 67.9740, 40.1435
178. 67.9580, 40.1868
179. 67.9419, 40.2302
180. 67.9259, 40.2736
181. 67.9099, 40.3169
182. 67.9099, 40.3603
183. 67.8939, 40.4037
184. 67.8779, 40.4470
185. 67.8619, 40.4470
186. 67.8458, 40.4037
187. 67.8298, 40.3603
188. 67.8138, 40.4037
189. 67.7978, 40.4470
190. 67.7978, 40.4904
191. 67.7978, 40.5338
192. 67.8138, 40.5771
193. 67.8138, 40.6205
194. 67.8138, 40.6639
195. 67.7978, 40.7073
196. 67.7818, 40.7073
197. 67.7658, 40.7506
198. 67.7497, 40.7940
199. 67.7497, 40.8374
200. 67.7497, 40.8807
201. 67.7497, 40.9241
202. 67.7337, 40.9675
203. 67.7177, 41.0108
204. 67.7017, 41.0108
205. 67.6857, 41.0542
206. 67.6697, 41.0542
207. 67.6537, 41.0542
208. 67.6376, 41.0542
209. 67.6216, 41.0542
210. 67.6056, 41.0542
211. 67.5896, 41.0542
212. 67.5736, 41.0108
213. 67.5576, 41.0108
214. 67.5415, 41.0108
215. 67.5255, 41.0542
216. 67.5095, 41.0108
217. 67.4935, 41.0108
218. 67.4775, 41.0542
219. 67.4615, 41.0976
220. 67.4454, 41.1410
221. 67.4294, 41.1410
222. 67.4134, 41.1843
223. 67.3974, 41.1410
224. 67.3814, 41.1410
225. 67.3654, 41.1410
226. 67.3493, 41.1410
227. 67.3333, 41.1410
228. 67.3173, 41.1410
229. 67.3013, 41.1410
230. 67.2853, 41.1410
231. 67.2693, 41.1410
232. 67.2533, 41.1410
233. 67.2372, 41.1843
234. 67.2372, 41.2277
235. 67.2372, 41.2711
236. 67.2372, 41.3144
237. 67.2212, 41.3578
238. 67.2052, 41.4012
239. 67.1892, 41.3578
240. 67.1732, 41.3578
241. 67.1572, 41.3578
242. 67.1411, 41.4012
243. 67.1251, 41.4012
244. 67.1091, 41.4012
245. 67.0931, 41.3578
246. 67.0771, 41.3578
247. 67.0611, 41.3578
248. 67.0450, 41.3578
249. 67.0290, 41.3578
250. 67.0130, 41.4012
251. 66.9970, 41.3578
252. 66.9810, 41.3144
253. 66.9650, 41.3144
254. 66.9489, 41.3144
255. 66.9329, 41.3144
256. 66.9169, 41.3144
257. 66.9009, 41.2711
258. 66.8849, 41.2711
259. 66.8689, 41.2711
260. 66.8529, 41.2277
261. 66.8368, 41.2277
262. 66.8208, 41.2277
263. 66.8048, 41.1843
264. 66.7888, 41.1843
265. 66.7728, 41.1410
266. 66.7568, 41.0976
267. 66.7407, 41.0542
268. 66.7247, 41.0108
269. 66.7087, 41.0108
270. 66.6927, 40.9675
271. 66.6767, 40.9675
272. 66.6607, 40.9241
273. 66.6446, 40.8807
274. 66.6286, 40.8374
275. 66.6126, 40.7940
276. 66.5966, 40.7506
277. 66.5806, 40.7506
278. 66.5646, 40.7506
279. 66.5485, 40.7506
280. 66.5325, 40.7506
281. 66.5165, 40.7073
282. 66.5005, 40.6639
283. 66.4845, 40.6205
284. 66.4685, 40.6205
285. 66.4525, 40.5771
286. 66.4364, 40.5338
287. 66.4204, 40.4904
288. 66.4044, 40.4470
289. 66.3884, 40.4037
290. 66.3724, 40.3603
291. 66.3564, 40.3169
292. 66.3403, 40.2736
293. 66.3243, 40.2302
294. 66.3083, 40.1868
295. 66.2923, 40.1435
296. 66.2763, 40.1001
297. 66.2603, 40.0567
298. 66.2442, 40.0133
299. 66.2282, 39.9700
300. 66.2122, 39.9266
301. 66.1962, 39.9266
302. 66.1802, 39.9266
303. 66.1642, 39.9266
304. 66.1481, 39.9266
305. 66.1321, 39.9266
306. 66.1161, 39.9266
307. 66.1001, 39.9266
308. 66.0841, 39.8832
309. 66.0681, 39.8832
310. 66.0521, 39.8832
311. 66.0360, 39.8832
312. 66.0200, 39.8832
313. 66.0040, 39.8832
314. 65.9880, 39.8832
315. 65.9720, 39.8832
316. 65.9560, 39.8832
317. 65.9399, 39.8832
318. 65.9239, 39.8832
319. 65.9079, 39.8832
320. 65.8919, 39.8832
321. 65.8759, 39.8832
322. 65.8599, 39.8832
323. 65.8438, 39.8832
324. 65.8278, 39.8832
325. 65.8118, 39.8832
326. 65.7958, 39.8832
327. 65.7798, 39.8832
328. 65.7638, 39.8832
329. 65.7477, 39.8832
330. 65.7317, 39.8832
331. 65.7157, 39.8832
332. 65.6997, 39.8832
333. 65.6837, 39.8832
334. 65.6677, 39.8832
335. 65.6517, 39.8832
336. 65.6356, 39.8832
337. 65.6196, 39.8399
338. 65.6036, 39.7965
339. 65.5876, 39.7965
340. 65.5716, 39.7531
341. 65.5556, 39.7531
342. 65.5395, 39.7098
343. 65.5235, 39.7098
344. 65.5075, 39.7098
345. 65.4915, 39.7098
346. 65.4755, 39.7098
347. 65.4595, 39.7098
348. 65.4434, 39.6664
349. 65.4274, 39.7098
350. 65.4114, 39.7098
351. 65.3954, 39.7098
352. 65.3794, 39.7098
353. 65.3634, 39.7098
354. 65.3473, 39.7098
355. 65.3313, 39.7531
356. 65.3153, 39.7531
357. 65.2993, 39.7531
358. 65.2833, 39.7531
359. 65.2673, 39.7531
360. 65.2513, 39.7531
361. 65.2352, 39.7531
362. 65.2192, 39.7531
363. 65.2032, 39.7531
364. 65.1872, 39.7531
365. 65.1712, 39.7531
366. 65.1552, 39.7531
367. 65.1391, 39.7531
368. 65.1231, 39.7531
369. 65.1071, 39.7531
370. 65.0911, 39.7531
371. 65.0751, 39.7531
372. 65.0591, 39.7531
373. 65.0430, 39.7965
374. 65.0270, 39.7965
375. 65.0110, 39.7965
376. 64.9950, 39.7965
377. 64.9790, 39.7965
378. 64.9630, 39.7965
379. 64.9469, 39.7965
380. 64.9309, 39.7965
381. 64.9149, 39.7965
382. 64.8989, 39.7965
383. 64.8829, 39.7965
384. 64.8669, 39.7965
385. 64.8509, 39.7965
386. 64.8348, 39.7965
387. 64.8188, 39.7965
388. 64.8028, 39.7965
389. 64.8188, 39.8399
390. 64.8348, 39.8832
391. 64.8509, 39.9266
392. 64.8669, 39.9700
393. 64.8829, 40.0133
394. 64.8989, 40.0567
395. 64.9149, 40.1001
396. 64.9309, 40.1435
397. 64.9469, 40.1868
398. 64.9630, 40.2302
399. 64.9790, 40.2736
400. 64.9950, 40.2736
401. 65.0110, 40.2736
402. 65.0270, 40.2302
403. 65.0430, 40.1868
404. 65.0591, 40.1435
405. 65.0751, 40.1001
406. 65.0911, 40.0567
407. 65.1071, 40.0567
408. 65.1231, 40.0133
409. 65.1391, 40.0133
410. 65.1552, 40.0133
411. 65.1712, 39.9700
412. 65.1872, 39.9700
413. 65.2032, 39.9266
414. 65.2192, 39.9266
415. 65.2352, 39.8832
416. 65.2513, 39.8832
417. 65.2673, 39.8832
418. 65.2833, 39.8399
419. 65.2993, 39.7965
420. 65.3153, 39.7531
421. 65.3313, 39.7531
422. 65.3473, 39.7098
423. 65.3634, 39.7098
424. 65.3794, 39.7098
425. 65.3954, 39.7098
426. 65.4114, 39.7098
427. 65.4274, 39.7098
428. 65.4434, 39.6664
429. 65.4595, 39.7098
430. 65.4755, 39.7098
431. 65.4915, 39.7098
432. 65.5075, 39.7098
433. 65.5235, 39.7098
434. 65.5395, 39.7098
435. 65.5556, 39.7531
436. 65.5716, 39.7531
437. 65.5876, 39.7965
438. 65.6036, 39.7965
439. 65.6196, 39.8399
440. 65.6356, 39.8832
441. 65.6517, 39.9266
442. 65.6677, 39.9700
443. 65.6837, 40.0133
444. 65.6997, 40.0567
445. 65.7157, 40.1001
446. 65.7317, 40.1435
447. 65.7477, 40.1868
448. 65.7638, 40.2302
449. 65.7798, 40.2736
450. 65.7958, 40.3169
451. 65.8118, 40.3603
452. 65.8278, 40.4037
453. 65.8438, 40.4470
454. 65.8599, 40.4904
455. 65.8759, 40.5338
456. 65.8919, 40.5771
457. 65.9079, 40.5771
458. 65.9239, 40.6205
459. 65.9399, 40.6205
460. 65.9560, 40.6639
461. 65.9720, 40.7073
462. 65.9880, 40.7506
463. 66.0040, 40.7940
464. 66.0200, 40.8374
465. 66.0360, 40.8807
466. 66.0521, 40.9241
467. 66.0681, 40.9675
468. 66.0841, 41.0108
469. 66.1001, 41.0542
470. 66.1161, 41.0976
471. 66.1321, 41.1410
472. 66.1481, 41.1843
473. 66.1642, 41.2277
474. 66.1802, 41.2711
475. 66.1962, 41.3144
476. 66.2122, 41.3578
477. 66.2282, 41.4012
478. 66.2442, 41.4445
479. 66.2603, 41.4879
480. 66.2763, 41.5313
481. 66.2923, 41.5746
482. 66.3083, 41.6180
483. 66.3243, 41.6614
484. 66.3403, 41.7048
485. 66.3564, 41.7481
486. 66.3724, 41.7915
487. 66.3884, 41.8349
488. 66.4044, 41.8782
489. 66.4204, 41.9216
490. 66.4364, 41.9650
491. 66.4525, 42.0083
492. 66.4685, 42.0517
493. 66.4845, 42.0951
494. 66.5005, 42.0951
495. 66.5165, 42.1384
496. 66.5325, 42.1818
497. 66.5485, 42.2252
498. 66.5646, 42.2686
499. 66.5806, 42.2686
500. 66.5966, 42.3119
501. 66.6126, 42.3119
502. 66.6286, 42.3553
503. 66.6446, 42.3553
504. 66.6607, 42.3553
505. 66.6767, 42.3987
506. 66.6927, 42.3987
507. 66.7087, 42.3987
508. 66.7247, 42.4420
509. 66.7407, 42.3987
510. 66.7568, 42.3987
511. 66.7728, 42.4420
512. 66.7888, 42.4854
513. 66.8048, 42.5288
514. 66.8208, 42.5721
515. 66.8368, 42.6155
516. 66.8529, 42.6589
517. 66.8689, 42.7023
518. 66.8849, 42.7456
519. 66.9009, 42.7890
520. 66.9169, 42.8324
521. 66.9329, 42.8757
522. 66.9489, 42.9191
523. 66.9650, 42.9625
524. 66.9810, 43.0058
525. 66.9970, 43.0492
526. 67.0130, 43.0926
527. 67.0290, 43.1359
528. 67.0450, 43.1793
529. 67.0611, 43.2227
530. 67.0771, 43.2661
531. 67.0931, 43.3094
532. 67.1091, 43.3528
533. 67.1251, 43.3962
534. 67.1411, 43.4395
535. 67.1572, 43.4829
536. 67.1732, 43.5263
537. 67.1892, 43.5263
538. 67.2052, 43.5696
539. 67.2212, 43.6130
540. 67.2372, 43.6564
541. 67.2533, 43.6997
542. 67.2693, 43.7431
543. 67.2853, 43.7431
544. 67.3013, 43.7431
545. 67.3173, 43.7431
546. 67.3333, 43.7865
547. 67.3493, 43.7865
548. 67.3654, 43.7865
549. 67.3814, 43.7865
550. 67.3974, 43.8299
551. 67.4134, 43.8299
552. 67.4294, 43.8299
553. 67.4454, 43.8732
554. 67.4615, 43.8732
555. 67.4775, 43.8732
556. 67.4935, 43.9166
557. 67.5095, 43.9166
558. 67.5255, 43.9166
559. 67.5415, 43.9600
560. 67.5576, 43.9600
561. 67.5736, 43.9600
562. 67.5896, 44.0033
563. 67.6056, 44.0033
564. 67.6216, 44.0033
565. 67.6376, 44.0033
566. 67.6537, 44.0033
567. 67.6697, 44.0033
568. 67.6857, 44.0467
569. 67.7017, 44.0901
570. 67.7177, 44.0467
571. 67.7337, 44.0467
572. 67.7497, 44.0901
573. 67.7658, 44.0901
574. 67.7818, 44.0901
575. 67.7978, 44.0901
576. 67.8138, 44.0901
577. 67.8298, 44.0901
578. 67.8458, 44.0467
579. 67.8619, 44.0467
580. 67.8779, 44.0467
581. 67.8939, 44.0901
582. 67.9099, 44.1334
583. 67.9259, 44.1334
584. 67.9419, 44.0901
585. 67.9580, 44.0901
586. 67.9740, 44.1334
587. 67.9900, 44.1768
588. 68.0060, 44.1334
589. 68.0220, 44.1768
590. 68.0380, 44.1768
591. 68.0541, 44.1334
592. 68.0701, 44.1334
593. 68.0861, 44.1334
594. 68.1021, 44.1768
595. 68.1181, 44.1768
596. 68.1341, 44.1768
597. 68.1502, 44.1768
598. 68.1662, 44.1768
599. 68.1822, 44.1768
600. 68.1982, 44.2202
601. 68.2142, 44.2202
602. 68.2302, 44.2202
603. 68.2462, 44.2202
604. 68.2623, 44.2202
605. 68.2783, 44.2202
606. 68.2943, 44.1768
607. 68.3103, 44.1334
608. 68.3263, 44.0901
609. 68.3423, 44.0467
610. 68.3584, 44.0033
611. 68.3744, 43.9600
612. 68.3904, 43.9166
613. 68.4064, 43.8732
614. 68.4224, 43.8299
615. 68.4384, 43.7865
616. 68.4545, 43.7431
617. 68.4705, 43.6997
618. 68.4865, 43.6564
619. 68.5025, 43.6130
620. 68.5185, 43.5696
621. 68.5345, 43.5263
622. 68.5506, 43.4829
623. 68.5666, 43.4395
624. 68.5826, 43.3962
625. 68.5986, 43.3528
626. 68.6146, 43.3094
627. 68.6306, 43.2661
628. 68.6466, 43.2661
629. 68.6627, 43.2661
630. 68.6787, 43.3094
631. 68.6947, 43.3528
632. 68.7107, 43.3962
633. 68.7267, 43.4395
634. 68.7427, 43.4829
635. 68.7588, 43.5263
636. 68.7748, 43.5696
637. 68.7908, 43.6130
638. 68.8068, 43.6564
639. 68.8228, 43.6997
640. 68.8388, 43.7431
641. 68.8549, 43.7865
642. 68.8709, 43.8299
643. 68.8869, 43.8732
644. 68.9029, 43.9166
645. 68.9189, 43.9600
646. 68.9349, 44.0033
647. 68.9510, 44.0467
648. 68.9670, 44.0901
649. 68.9830, 44.1334
650. 68.9990, 44.1768
651. 69.0150, 44.2202
652. 69.0310, 44.2636
653. 69.0470, 44.3069
654. 69.0631, 44.3503
655. 69.0791, 44.3937
656. 69.0951, 44.4370
657. 69.1111, 44.4804
658. 69.1271, 44.5238
659. 69.1431, 44.5671
660. 69.1592, 44.6105
661. 69.1752, 44.6539
662. 69.1912, 44.6972
663. 69.2072, 44.7406
664. 69.2232, 44.7840
665. 69.2392, 44.8274
666. 69.2553, 44.8707
667. 69.2713, 44.9141
668. 69.2873, 44.9575
669. 69.3033, 45.0008
670. 69.3193, 45.0442
671. 69.3353, 45.0876
672. 69.3514, 45.1309
673. 69.3674, 45.1743
674. 69.3834, 45.2177
675. 69.3994, 45.2611
676. 69.4154, 45.3044
677. 69.4314, 45.3478
678. 69.4474, 45.3912
679. 69.4635, 45.4345
680. 69.4795, 45.4779
681. 69.4955, 45.5213
682. 69.5115, 45.5646
683. 69.5275, 45.6080
684. 69.5435, 45.6514
685. 69.5596, 45.6947
686. 69.5756, 45.7381
687. 69.5916, 45.7815
688. 69.6076, 45.8249
689. 69.6236, 45.8682
690. 69.6396, 45.9116
691. 69.6557, 45.9550
692. 69.6717, 45.9983
693. 69.6877, 46.0417
694. 69.7037, 46.0851
695. 69.7197, 46.1284
696. 69.7357, 46.1718
697. 69.7518, 46.2152
698. 69.7678, 46.2585
699. 69.7838, 46.3019
700. 69.7998, 46.3453
701. 69.8158, 46.3887
702. 69.8318, 46.4320
703. 69.8478, 46.4754
704. 69.8639, 46.5188
705. 69.8799, 46.5621
706. 69.8959, 46.6055
707. 69.9119, 46.6489
708. 69.9279, 46.6922
709. 69.9439, 46.7356
710. 69.9600, 46.7790
711. 69.9760, 46.8224
712. 69.9920, 46.8657
713. 70.0080, 46.9091
714. 70.0240, 46.9525
715. 70.0400, 46.9958
716. 70.0561, 47.0392
717. 70.0721, 47.0826
718. 70.0881, 47.1259
719. 70.1041, 47.1693
720. 70.1201, 47.2127
721. 70.1361, 47.2560
722. 70.1522, 47.2994
723. 70.1682, 47.3428
724. 70.1842, 47.3862
725. 70.2002, 47.4295
726. 70.2162, 47.4729
727. 70.2322, 47.5163
728. 70.2482, 47.5596
729. 70.2643, 47.6030
730. 70.2803, 47.6464
731. 70.2963, 47.6897
732. 70.3123, 47.7331
733. 70.3283, 47.7765
734. 70.3443, 47.8198
735. 70.3604, 47.8632
736. 70.3764, 47.9066
737. 70.3924, 47.9500
738. 70.4084, 47.9933
739. 70.4244, 48.0367
740. 70.4404, 48.0801
741. 70.4565, 48.1234
742. 70.4725, 48.1668
743. 70.4885, 48.2102
744. 70.5045, 48.2535
745. 70.5205, 48.2969
746. 70.5365, 48.3403
747. 70.5526, 48.3837
748. 70.5686, 48.4270
749. 70.5846, 48.4704
750. 70.6006, 48.5138
751. 70.6166, 48.5571
752. 70.6326, 48.6005
753. 70.6486, 48.6439
754. 70.6647, 48.6872
755. 70.6807, 48.7306
756. 70.6967, 48.7740
757. 70.7127, 48.8173
758. 70.7287, 48.8607
759. 70.7447, 48.9041
760. 70.7608, 48.9475
761. 70.7768, 48.9908
762. 70.7928, 49.0342
763. 70.8088, 49.0776
764. 70.8248, 49.1209
765. 70.8408, 49.1643
766. 70.8569, 49.2077
767. 70.8729, 49.2510
768. 70.8889, 49.2944
769. 70.8889, 49.3378
770. 70.8889, 49.3812
771. 70.8889, 49.4245
772. 70.8889, 49.4679
773. 70.8889, 49.5113
774. 70.8889, 49.5546
775. 70.8889, 49.5980
776. 70.8889, 49.6414
777. 70.8889, 49.6847
778. 70.8889, 49.7281
779. 70.8889, 49.7715
780. 70.8889, 49.8148
781. 70.8889, 49.8582
782. 70.8889, 49.9016
783. 70.8889, 49.9450
784. 70.8889, 49.9883
785. 70.9049, 50.0317
786. 70.9049, 50.0751
787. 70.9049, 50.1184
788. 70.9049, 50.1618
789. 70.9049, 50.2052
790. 70.9049, 50.2485
791. 70.9049, 50.2919
792. 70.9049, 50.3353
793. 70.9049, 50.3786
794. 70.9049, 50.4220
795. 70.9049, 50.4654
796. 70.9049, 50.5088
797. 70.9049, 50.5521
798. 70.9049, 50.5955
799. 70.9049, 50.6389
800. 70.9049, 50.6822
801. 70.9049, 50.7256
802. 70.9049, 50.7690
803. 70.9049, 50.8123
804. 70.9049, 50.8557
805. 70.9049, 50.8991
806. 70.9049, 50.9425
807. 70.9049, 50.9858
808. 70.9049, 51.0292
809. 70.9049, 51.0726
810. 70.9049, 51.1159
811. 70.9049, 51.1593
812. 70.9049, 51.2027
813. 70.9049, 51.2460
814. 70.9049, 51.2894
815. 70.9049, 51.3328
816. 70.9049, 51.3761
817. 70.9049, 51.4195
818. 70.9049, 51.4629
819. 70.9049, 51.5063
820. 70.9209, 51.5496
821. 70.9209, 51.5930
822. 70.9209, 51.6364
823. 70.9209, 51.6797
824. 70.9209, 51.7231
825. 70.9209, 51.7665
826. 70.9209, 51.8098
827. 70.9209, 51.8532
828. 70.9209, 51.8966
829. 70.9209, 51.9399
830. 70.9209, 51.9833
831. 70.9209, 52.0267
832. 70.9209, 52.0701
833. 70.9209, 52.1134
834. 70.9209, 52.1568
835. 70.9209, 52.2002
836. 70.9209, 52.2435
837. 70.9209, 52.2869
838. 70.9209, 52.3303
839. 70.9209, 52.3736
840. 70.9209, 52.4170
841. 70.9209, 52.4604
842. 70.9209, 52.5038
843. 70.9209, 52.5471
844. 70.9209, 52.5905
845. 70.9209, 52.6339
846. 70.9209, 52.6772
847. 70.9209, 52.7206
848. 70.9209, 52.7640
849. 70.9209, 52.8073
850. 70.9209, 52.8507
851. 70.9209, 52.8941
852. 70.9209, 52.9374
853. 70.9209, 52.9808
854. 70.9209, 53.0242
855. 70.9369, 53.0676
856. 70.9369, 53.1109
857. 70.9369, 53.1543
858. 70.9369, 53.1977
859. 70.9369, 53.2410
860. 70.9369, 53.2844
861. 70.9369, 53.3278
862. 70.9369, 53.3711
863. 70.9369, 53.4145
864. 70.9369, 53.4579
865. 70.9369, 53.5013
866. 70.9369, 53.5446
867. 70.9369, 53.5880
868. 70.9209, 53.6314
869. 70.9049, 53.6314
870. 70.8889, 53.6314
871. 70.8729, 53.6314
872. 70.8569, 53.6747
873. 70.8408, 53.6747
874. 70.8248, 53.6314
875. 70.8088, 53.6747
876. 70.7928, 53.7181
877. 70.7928, 53.7615
878. 70.7928, 53.8048
879. 70.8088, 53.8482
880. 70.7928, 53.8916
881. 70.7768, 53.9349
882. 70.7608, 53.9783
883. 70.7447, 54.0217
884. 70.7447, 54.0651
885. 70.7447, 54.1084
886. 70.7447, 54.1518
887. 70.7287, 54.1952
888. 70.7287, 54.2385
889. 70.7287, 54.2819
890. 70.7447, 54.3253
891. 70.7447, 54.3686
892. 70.7287, 54.4120
893. 70.7127, 54.4554
894. 70.6967, 54.4987
895. 70.6967, 54.5421
896. 70.7127, 54.5855
897. 70.7287, 54.6289
898. 70.7287, 54.6722
899. 70.7127, 54.7156
900. 70.6967, 54.7156
901. 70.6807, 54.7590
902. 70.6647, 54.8023
903. 70.6486, 54.8457
904. 70.6486, 54.8891
905. 70.6326, 54.9324
906. 70.6166, 54.9758
907. 70.6006, 55.0192
908. 70.5846, 55.0626
909. 70.5686, 55.1059
910. 70.5526, 55.1493
911. 70.5526, 55.1927
912. 70.5686, 55.2360
913. 70.5846, 55.2794
914. 70.6006, 55.3228
915. 70.6166, 55.3661
916. 70.6326, 55.4095
917. 70.6486, 55.4529
918. 70.6647, 55.4962
919. 70.6807, 55.5396
920. 70.6967, 55.5830
921. 70.6807, 55.6264
922. 70.6647, 55.6697
923. 70.6486, 55.6697
924. 70.6326, 55.6697
925. 70.6166, 55.6697
926. 70.6006, 55.7131
927. 70.6006, 55.7565
928. 70.6006, 55.7998
929. 70.6006, 55.8432
930. 70.5846, 55.8866
931. 70.5846, 55.9299
932. 70.5846, 55.9733
933. 70.5686, 56.0167
934. 70.5846, 56.0601
935. 70.6006, 56.1034
936. 70.5846, 56.1468
937. 70.5846, 56.1902
938. 70.5686, 56.2335
939. 70.5686, 56.2769
940. 70.5526, 56.3203
941. 70.5526, 56.3636
942. 70.5365, 56.4070
943. 70.5365, 56.4504
944. 70.5365, 56.4937
945. 70.5365, 56.5371
946. 70.5526, 56.5805
947. 70.5686, 56.6239
948. 70.5846, 56.6672
949. 70.6006, 56.7106
950. 70.6006, 56.7540
951. 70.6006, 56.7973
952. 70.6006, 56.8407
953. 70.6006, 56.8841
954. 70.6006, 56.9274
955. 70.6006, 56.9708
956. 70.6006, 57.0142
957. 70.5846, 57.0575
958. 70.5846, 57.1009
959. 70.5846, 57.1443
960. 70.5686, 57.1877
961. 70.5686, 57.2310
962. 70.5526, 57.2744
963. 70.5526, 57.3178
964. 70.5686, 57.3611
965. 70.5846, 57.3178
966. 70.6006, 57.3611
967. 70.6006, 57.4045
968. 70.6166, 57.4479
969. 70.6326, 57.4479
970. 70.6486, 57.4912
971. 70.6647, 57.4912
972. 70.6807, 57.5346
973. 70.6967, 57.5780
974. 70.7127, 57.5780
975. 70.7287, 57.6214
976. 70.7447, 57.6214
977. 70.7608, 57.5780
978. 70.7768, 57.5346
979. 70.7928, 57.4912
980. 70.8088, 57.4912
981. 70.8248, 57.4479
982. 70.8408, 57.4045
983. 70.8569, 57.3611
984. 70.8729, 57.3178
985. 70.8889, 57.2744
986. 70.9049, 57.2310
987. 70.9209, 57.1877
988. 70.9369, 57.1443
989. 70.9530, 57.1009
990. 70.9690, 57.0575
991. 70.9690, 57.0142
992. 70.9690, 56.9708
993. 70.9690, 56.9274
994. 70.9690, 56.8841
995. 70.9690, 56.8407
996. 70.9690, 56.7973
997. 70.9850, 56.8407
998. 71.0010, 56.8841
999. 71.0170, 56.9274
1000. 71.0330, 56.9708
1001. 71.0490, 57.0142
1002. 71.0651, 57.0575
1003. 71.0811, 57.1009
1004. 71.0971, 57.1443
1005. 71.1131, 57.1877
1006. 71.1291, 57.2310
1007. 71.1451, 57.2744
1008. 71.1612, 57.3178
1009. 71.1772, 57.3611
1010. 71.1932, 57.4045
1011. 71.2092, 57.4479
1012. 71.2252, 57.4912
1013. 71.2412, 57.5346
1014. 71.2573, 57.5780
1015. 71.2733, 57.6214
1016. 71.2893, 57.6647
1017. 71.3053, 57.7081
1018. 71.3213, 57.7515
1019. 71.3373, 57.7948
1020. 71.3534, 57.8382
1021. 71.3694, 57.8816
1022. 71.3854, 57.9249
1023. 71.4014, 57.9683
1024. 71.4174, 58.0117
1025. 71.4334, 58.0550
1026. 71.4494, 58.0984
1027. 71.4655, 58.1418
1028. 71.4815, 58.1852
1029. 71.4975, 58.2285
1030. 71.5135, 58.2719
1031. 71.5295, 58.3153
1032. 71.5455, 58.3586
1033. 71.5616, 58.4020
1034. 71.5776, 58.4454
1035. 71.5936, 58.4887
1036. 71.6096, 58.5321
1037. 71.6256, 58.5755
1038. 71.6416, 58.6188
1039. 71.6577, 58.6622
1040. 71.6737, 58.7056
1041. 71.6897, 58.7490
1042. 71.7057, 58.7923
1043. 71.7217, 58.8357
1044. 71.7377, 58.8791
1045. 71.7538, 58.9224
1046. 71.7698, 58.9658
1047. 71.7858, 59.0092
1048. 71.8018, 59.0525
1049. 71.8178, 59.0959
1050. 71.8338, 59.1393
1051. 71.8498, 59.1827
1052. 71.8659, 59.2260
1053. 71.8819, 59.2694
1054. 71.8979, 59.3128
1055. 71.8979, 59.3561
1056. 71.8979, 59.3995
1057. 71.8979, 59.4429
1058. 71.8979, 59.4862
1059. 71.8979, 59.5296
1060. 71.8979, 59.5730
1061. 71.8979, 59.6163
1062. 71.8979, 59.6597
1063. 71.8979, 59.7031
1064. 71.8979, 59.7465
1065. 71.8979, 59.7898
1066. 71.8979, 59.8332
1067. 71.8979, 59.8766
1068. 71.8979, 59.9199
1069. 71.8979, 59.9633
1070. 71.8979, 60.0067
1071. 71.8979, 60.0500
1072. 71.8979, 60.0934
1073. 71.9139, 60.1368
1074. 71.9139, 60.1802
1075. 71.9139, 60.2235
1076. 71.9139, 60.2669
1077. 71.9139, 60.3103
1078. 71.9139, 60.3536
1079. 71.9139, 60.3970
1080. 71.9139, 60.4404
1081. 71.9139, 60.4837
1082. 71.9139, 60.5271
1083. 71.9139, 60.5705
1084. 71.9139, 60.6138
1085. 71.9139, 60.6572
1086. 71.9139, 60.7006
1087. 71.9139, 60.7440
1088. 71.9139, 60.7873
1089. 71.9139, 60.8307
1090. 71.9139, 60.8741
1091. 71.9139, 60.9174
1092. 71.9139, 60.9608
1093. 71.9139, 61.0042
1094. 71.9139, 61.0475
1095. 71.9139, 61.0909
1096. 71.9139, 61.1343
1097. 71.9139, 61.1776
1098. 71.9139, 61.2210
1099. 71.9139, 61.2644
1100. 71.9139, 61.3078
1101. 71.9139, 61.3511
1102. 71.9139, 61.3945
1103. 71.9139, 61.4379
1104. 71.9139, 61.4812
1105. 71.9139, 61.5246
1106. 71.9139, 61.5680
1107. 71.9299, 61.6113
1108. 71.9299, 61.6547
1109. 71.9299, 61.6981
1110. 71.9299, 61.7415
1111. 71.9299, 61.7848
1112. 71.9299, 61.8282
1113. 71.9299, 61.8716
1114. 71.9299, 61.9149
1115. 71.9299, 61.9583
1116. 71.9299, 62.0017
1117. 71.9299, 62.0450
1118. 71.9299, 62.0884
1119. 71.9299, 62.1318
1120. 71.9299, 62.1751
1121. 71.9299, 62.2185
1122. 71.9299, 62.2619
1123. 71.9299, 62.3053
1124. 71.9299, 62.3486
1125. 71.9299, 62.3920
1126. 71.9299, 62.4354
1127. 71.9299, 62.4787
1128. 71.9299, 62.5221
1129. 71.9299, 62.5655
1130. 71.9299, 62.6088
1131. 71.9299, 62.6522
1132. 71.9299, 62.6956
1133. 71.9299, 62.7389
1134. 71.9299, 62.7823
1135. 71.9299, 62.8257
1136. 71.9299, 62.8691
1137. 71.9299, 62.9124
1138. 71.9299, 62.9558
1139. 71.9299, 62.9992
1140. 71.9459, 63.0425
1141. 71.9459, 63.0859
1142. 71.9459, 63.1293
1143. 71.9459, 63.1726
1144. 71.9459, 63.2160
1145. 71.9459, 63.2594
1146. 71.9459, 63.3028
1147. 71.9459, 63.3461
1148. 71.9459, 63.3895
1149. 71.9459, 63.4329
1150. 71.9459, 63.4762
1151. 71.9459, 63.5196
1152. 71.9459, 63.5630
1153. 71.9459, 63.6063
1154. 71.9459, 63.6497
1155. 71.9459, 63.6931
1156. 71.9459, 63.7364
1157. 71.9459, 63.7798
1158. 71.9459, 63.8232
1159. 71.9459, 63.8666
1160. 71.9459, 63.9099
1161. 71.9459, 63.9533
1162. 71.9459, 63.9967
1163. 71.9459, 64.0400
1164. 71.9459, 64.0834
1165. 71.9459, 64.1268
1166. 71.9459, 64.1701
1167. 71.9459, 64.2135
1168. 71.9459, 64.2569
1169. 71.9459, 64.3003
1170. 71.9459, 64.3436
1171. 71.9459, 64.3870
1172. 71.9459, 64.4304
1173. 71.9459, 64.4737
1174. 71.9620, 64.5171
1175. 71.9620, 64.5605
1176. 71.9620, 64.6038
1177. 71.9620, 64.6472
1178. 71.9620, 64.6906
1179. 71.9620, 64.7339
1180. 71.9620, 64.7773
1181. 71.9620, 64.8207
1182. 71.9620, 64.8641
1183. 71.9620, 64.9074
1184. 71.9620, 64.9508
1185. 71.9620, 64.9942
1186. 71.9620, 65.0375
1187. 71.9620, 65.0809
1188. 71.9620, 65.1243
1189. 71.9620, 65.1676
1190. 71.9620, 65.2110
1191. 71.9620, 65.2544
1192. 71.9620, 65.2977
1193. 71.9620, 65.3411
1194. 71.9620, 65.3845
1195. 71.9620, 65.4279
1196. 71.9620, 65.4712
1197. 71.9620, 65.5146
1198. 71.9620, 65.5580
1199. 71.9620, 65.6013
1200. 71.9620, 65.6447
1201. 71.9620, 65.6881
1202. 71.9620, 65.7314
1203. 71.9620, 65.7748
1204. 71.9620, 65.8182
1205. 71.9620, 65.8616
1206. 71.9620, 65.9049
1207. 71.9780, 65.9483
1208. 71.9780, 65.9917
1209. 71.9780, 66.0350
1210. 71.9780, 66.0784
1211. 71.9780, 66.1218
1212. 71.9780, 66.1651
1213. 71.9780, 66.2085
1214. 71.9780, 66.2519
1215. 71.9780, 66.2952
1216. 71.9780, 66.3386
1217. 71.9780, 66.3820
1218. 71.9780, 66.4254
1219. 71.9780, 66.4687
1220. 71.9780, 66.5121
1221. 71.9780, 66.5555
1222. 71.9780, 66.5988
1223. 71.9780, 66.6422
1224. 71.9780, 66.6856
1225. 71.9780, 66.7289
1226. 71.9780, 66.7723
1227. 71.9780, 66.8157
1228. 71.9780, 66.8590
1229. 71.9780, 66.9024
1230. 71.9780, 66.9458
1231. 71.9780, 66.9892
1232. 71.9780, 67.0325
1233. 71.9780, 67.0759
1234. 71.9780, 67.1193
1235. 71.9780, 67.1626
1236. 71.9780, 67.2060
1237. 71.9780, 67.2494
1238. 71.9780, 67.2927
1239. 71.9780, 67.3361
1240. 71.9780, 67.3795
1241. 71.9940, 67.4229
1242. 71.9940, 67.4662
1243. 71.9940, 67.5096
1244. 71.9940, 67.5530
1245. 71.9940, 67.5963
1246. 71.9940, 67.6397
1247. 71.9940, 67.6831
1248. 71.9940, 67.7264
1249. 71.9940, 67.7698
1250. 71.9940, 67.8132
1251. 71.9940, 67.8565
1252. 71.9940, 67.8999
1253. 71.9940, 67.9433
1254. 71.9940, 67.9867
1255. 71.9940, 68.0300
1256. 71.9940, 68.0734
1257. 71.9940, 68.1168
1258. 72.0100, 68.1168
1259. 72.0260, 68.1168
1260. 72.0420, 68.1168
1261. 72.0581, 68.1168
1262. 72.0741, 68.1168
1263. 72.0901, 68.1168
1264. 72.1061, 68.1168
1265. 72.1221, 68.1168
1266. 72.1381, 68.1168
1267. 72.1542, 68.1168
1268. 72.1702, 68.1168
1269. 72.1862, 68.1168
1270. 72.2022, 68.1168
1271. 72.2182, 68.1168
1272. 72.2342, 68.1168
1273. 72.2503, 68.1168
1274. 72.2663, 68.1168
1275. 72.2823, 68.1168
1276. 72.2983, 68.1168
1277. 72.3143, 68.1168
1278. 72.3303, 68.1168
1279. 72.3463, 68.1168
1280. 72.3624, 68.1168
1281. 72.3784, 68.1168
1282. 72.3944, 68.1168
1283. 72.4104, 68.1168
1284. 72.4264, 68.1168
1285. 72.4424, 68.1168
1286. 72.4585, 68.1168
1287. 72.4745, 68.1168
1288. 72.4905, 68.1168
1289. 72.5065, 68.1168
1290. 72.5225, 68.1168
1291. 72.5385, 68.1168
1292. 72.5546, 68.1168
1293. 72.5706, 68.1168
1294. 72.5866, 68.1168
1295. 72.6026, 68.1168
1296. 72.6186, 68.1168
1297. 72.6346, 68.1168
1298. 72.6507, 68.1168
1299. 72.6667, 68.1168
1300. 72.6827, 68.1168
1301. 72.6987, 68.1168
1302. 72.7147, 68.1168
1303. 72.7307, 68.1168
1304. 72.7467, 68.1601
1305. 72.7628, 68.2035
1306. 72.7788, 68.2469
1307. 72.7948, 68.2902
1308. 72.8108, 68.3336
1309. 72.8268, 68.3770
1310. 72.8428, 68.4204
1311. 72.8589, 68.4637
1312. 72.8749, 68.5071
1313. 72.8909, 68.5505
1314. 72.9069, 68.5938
1315. 72.9229, 68.6372
1316. 72.9389, 68.6806
1317. 72.9550, 68.7239
1318. 72.9710, 68.7673
1319. 72.9870, 68.8107
1320. 73.0030, 68.8540
1321. 73.0190, 68.8974
1322. 73.0350, 68.9408
1323. 73.0511, 68.9842
1324. 73.0671, 69.0275
1325. 73.0831, 69.0709
1326. 73.0991, 69.1143
1327. 73.1151, 69.1576
1328. 73.1311, 69.2010
1329. 73.1471, 69.2444
1330. 73.1632, 69.2877
1331. 73.1792, 69.3311
1332. 73.1952, 69.3745
1333. 73.2112, 69.4178
1334. 73.2272, 69.4612
1335. 73.2432, 69.5046
1336. 73.2593, 69.5480
1337. 73.2753, 69.5913
1338. 73.2913, 69.6347
1339. 73.3073, 69.6781
1340. 73.3233, 69.7214
1341. 73.3393, 69.7648
1342. 73.3554, 69.8082
1343. 73.3714, 69.8515
1344. 73.3874, 69.8949
1345. 73.4034, 69.9383
1346. 73.4194, 69.9817
1347. 73.4194, 70.0250
1348. 73.4354, 70.0684
1349. 73.4354, 70.1118
1350. 73.4515, 70.1551
1351. 73.4515, 70.1985
1352. 73.4675, 70.2419
1353. 73.4675, 70.2852
1354. 73.4835, 70.3286
1355. 73.4835, 70.3720
1356. 73.4995, 70.4153
1357. 73.4995, 70.4587
1358. 73.4995, 70.5021
1359. 73.4835, 70.5455
1360. 73.4995, 70.5888
1361. 73.4995, 70.6322
1362. 73.5155, 70.6756
1363. 73.5155, 70.7189
1364. 73.5155, 70.7623
1365. 73.5155, 70.8057
1366. 73.5155, 70.8490
1367. 73.5155, 70.8924
1368. 73.5315, 70.9358
1369. 73.5155, 70.9791
1370. 73.5155, 71.0225
1371. 73.4995, 71.0659
1372. 73.4995, 71.1093
1373. 73.4835, 71.1526
1374. 73.4835, 71.1960
1375. 73.4675, 71.2394
1376. 73.4515, 71.2827
1377. 73.4354, 71.3261
1378. 73.4194, 71.3695
1379. 73.4034, 71.4128
1380. 73.3874, 71.4562
1381. 73.3714, 71.4996
1382. 73.3554, 71.5430
1383. 73.3393, 71.5863
1384. 73.3233, 71.6297
1385. 73.3073, 71.6731
1386. 73.2913, 71.7164
1387. 73.2753, 71.7598
1388. 73.2593, 71.8032
1389. 73.2432, 71.8465
1390. 73.2272, 71.8899
1391. 73.2112, 71.9333
1392. 73.1952, 71.9766
1393. 73.1792, 72.0200
1394. 73.1632, 72.0634
1395. 73.1471, 72.1068
1396. 73.1311, 72.1501
1397. 73.1151, 72.1935
1398. 73.0991, 72.1935
1399. 73.0831, 72.1935
1400. 73.0671, 72.1935
1401. 73.0511, 72.1935
1402. 73.0350, 72.1935
1403. 73.0190, 72.1935
1404. 73.0030, 72.1935
1405. 72.9870, 72.1935
1406. 72.9710, 72.1935
1407. 72.9550, 72.1935
1408. 72.9389, 72.1935
1409. 72.9229, 72.1935
1410. 72.9069, 72.1935
1411. 72.8909, 72.1935
1412. 72.8749, 72.1935
1413. 72.8589, 72.1935
1414. 72.8428, 72.2369
1415. 72.8268, 72.2369
1416. 72.8108, 72.2802
1417. 72.7948, 72.3236
1418. 72.7948, 72.3670
1419. 72.7948, 72.4103
1420. 72.7948, 72.4537
1421. 72.7948, 72.4971
1422. 72.7788, 72.5405
1423. 72.7628, 72.5838
1424. 72.7628, 72.6272
1425. 72.7467, 72.6706
1426. 72.7467, 72.7139
1427. 72.7307, 72.7573
1428. 72.7307, 72.8007
1429. 72.7147, 72.8440
1430. 72.6987, 72.8007
1431. 72.6827, 72.7573
1432. 72.6667, 72.8007
1433. 72.6507, 72.8440
1434. 72.6346, 72.8007
1435. 72.6186, 72.7573
1436. 72.6026, 72.7573
1437. 72.5866, 72.7573
1438. 72.5706, 72.7573
1439. 72.5546, 72.8007
1440. 72.5385, 72.8007
1441. 72.5225, 72.8440
1442. 72.5065, 72.8440
1443. 72.4905, 72.8440
1444. 72.4745, 72.8007
1445. 72.4585, 72.8007
1446. 72.4424, 72.8007
1447. 72.4264, 72.8007
1448. 72.4104, 72.8007
1449. 72.3944, 72.8440
1450. 72.3784, 72.8440
1451. 72.3624, 72.8440
1452. 72.3463, 72.8440
1453. 72.3303, 72.8874
1454. 72.3143, 72.8874
1455. 72.2983, 72.8874
1456. 72.2823, 72.8874
1457. 72.2663, 72.8874
1458. 72.2503, 72.8440
1459. 72.2342, 72.8007
1460. 72.2182, 72.8007
1461. 72.2022, 72.7573
1462. 72.1862, 72.7573
1463. 72.1702, 72.7573
1464. 72.1542, 72.7573
1465. 72.1381, 72.7573
1466. 72.1221, 72.7573
1467. 72.1061, 72.7139
1468. 72.0901, 72.6706
1469. 72.0741, 72.6272
1470. 72.0581, 72.6272
1471. 72.0420, 72.5838
1472. 72.0260, 72.5838
1473. 72.0100, 72.5838
1474. 71.9940, 72.5838
1475. 71.9780, 72.5838
1476. 71.9620, 72.5838
1477. 71.9459, 72.5838
1478. 71.9299, 72.5405
1479. 71.9139, 72.5405
1480. 71.8979, 72.4971
1481. 71.8819, 72.4537
1482. 71.8659, 72.4103
1483. 71.8498, 72.3670
1484. 71.8338, 72.3670
1485. 71.8178, 72.3236
1486. 71.8018, 72.3670
1487. 71.7858, 72.3670
1488. 71.7698, 72.3670
1489. 71.7538, 72.3670
1490. 71.7377, 72.3670
1491. 71.7217, 72.3670
1492. 71.7057, 72.3670
1493. 71.6897, 72.3236
1494. 71.6737, 72.2802
1495. 71.6577, 72.2802
1496. 71.6416, 72.2802
1497. 71.6256, 72.2802
1498. 71.6096, 72.2802
1499. 71.5936, 72.2802
1500. 71.5776, 72.2802
1501. 71.5616, 72.2802
1502. 71.5455, 72.2802
1503. 71.5295, 72.2802
1504. 71.5135, 72.2802
1505. 71.4975, 72.2802
1506. 71.4815, 72.2802
1507. 71.4655, 72.2802
1508. 71.4494, 72.2802
1509. 71.4334, 72.2802
1510. 71.4174, 72.2802
1511. 71.4014, 72.2802
1512. 71.3854, 72.2802
1513. 71.3694, 72.2802
1514. 71.3534, 72.2802
1515. 71.3373, 72.2802
1516. 71.3213, 72.2802
