=== Оптимальный маршрут (MARCH): через индивидуальные порты ===

Длина: 3421.98 км
Время: 123.2 ч (5.1 дн)
Точек: 1752

Координаты маршрута:
1. 69.0470, 33.0309
2. 69.0631, 33.0742
3. 69.0791, 33.1176
4. 69.0791, 33.1610
5. 69.0791, 33.2043
6. 69.0951, 33.2477
7. 69.0951, 33.2911
8. 69.1111, 33.3344
9. 69.1271, 33.3778
10. 69.1431, 33.4212
11. 69.1592, 33.4646
12. 69.1752, 33.5079
13. 69.1912, 33.5513
14. 69.2072, 33.5513
15. 69.2232, 33.5513
16. 69.2392, 33.5513
17. 69.2553, 33.5513
18. 69.2713, 33.5513
19. 69.2873, 33.5513
20. 69.3033, 33.5513
21. 69.3193, 33.5513
22. 69.3353, 33.5947
23. 69.3353, 33.6380
24. 69.3353, 33.6814
25. 69.3514, 33.7248
26. 69.3353, 33.7681
27. 69.3353, 33.8115
28. 69.3514, 33.8549
29. 69.3514, 33.8982
30. 69.3674, 33.9416
31. 69.3834, 33.9850
32. 69.3994, 34.0284
33. 69.3994, 34.0717
34. 69.4154, 34.1151
35. 69.4154, 34.1585
36. 69.4154, 34.2018
37. 69.3994, 34.2452
38. 69.3994, 34.2886
39. 69.3834, 34.3319
40. 69.3674, 34.3753
41. 69.3514, 34.4187
42. 69.3353, 34.4621
43. 69.3193, 34.5054
44. 69.3033, 34.5488
45. 69.2873, 34.5922
46. 69.2713, 34.6355
47. 69.2553, 34.6789
48. 69.2553, 34.7223
49. 69.2553, 34.7656
50. 69.2553, 34.8090
51. 69.2392, 34.8524
52. 69.2392, 34.8957
53. 69.2392, 34.9391
54. 69.2232, 34.9825
55. 69.2392, 35.0259
56. 69.2553, 35.0692
57. 69.2713, 35.1126
58. 69.2873, 35.1560
59. 69.2873, 35.1993
60. 69.2873, 35.2427
61. 69.2873, 35.2861
62. 69.2873, 35.3294
63. 69.2713, 35.3728
64. 69.2713, 35.4162
65. 69.2553, 35.4595
66. 69.2553, 35.5029
67. 69.2553, 35.5463
68. 69.2392, 35.5897
69. 69.2392, 35.6330
70. 69.2232, 35.6764
71. 69.2232, 35.7198
72. 69.2072, 35.7631
73. 69.2072, 35.8065
74. 69.2072, 35.8499
75. 69.1912, 35.8932
76. 69.1912, 35.9366
77. 69.1752, 35.9800
78. 69.1592, 36.0234
79. 69.1431, 36.0667
80. 69.1431, 36.1101
81. 69.1271, 36.1535
82. 69.1271, 36.1968
83. 69.1271, 36.2402
84. 69.1111, 36.2836
85. 69.0951, 36.3269
86. 69.0791, 36.3703
87. 69.0631, 36.4137
88. 69.0470, 36.4570
89. 69.0470, 36.5004
90. 69.0310, 36.5438
91. 69.0150, 36.5872
92. 68.9990, 36.6305
93. 68.9990, 36.6739
94. 68.9830, 36.7173
95. 68.9670, 36.7606
96. 68.9510, 36.8040
97. 68.9510, 36.8474
98. 68.9349, 36.8907
99. 68.9189, 36.9341
100. 68.9189, 36.9775
101. 68.9029, 37.0209
102. 68.8869, 37.0642
103. 68.8709, 37.1076
104. 68.8549, 37.1510
105. 68.8549, 37.1943
106. 68.8388, 37.2377
107. 68.8228, 37.2811
108. 68.8068, 37.3244
109. 68.7908, 37.3678
110. 68.7748, 37.4112
111. 68.7588, 37.4545
112. 68.7427, 37.4979
113. 68.7427, 37.5413
114. 68.7427, 37.5847
115. 68.7267, 37.6280
116. 68.7267, 37.6714
117. 68.7107, 37.7148
118. 68.6947, 37.7581
119. 68.6787, 37.8015
120. 68.6627, 37.8449
121. 68.6466, 37.8882
122. 68.6306, 37.9316
123. 68.6146, 37.9750
124. 68.5986, 38.0183
125. 68.5826, 38.0617
126. 68.5666, 38.1051
127. 68.5506, 38.1485
128. 68.5345, 38.1918
129. 68.5185, 38.2352
130. 68.5025, 38.2786
131. 68.4865, 38.3219
132. 68.4705, 38.3653
133. 68.4545, 38.4087
134. 68.4384, 38.4520
135. 68.4224, 38.4954
136. 68.4064, 38.5388
137. 68.3904, 38.5822
138. 68.3904, 38.6255
139. 68.3904, 38.6689
140. 68.3744, 38.7123
141. 68.3584, 38.7556
142. 68.3423, 38.7990
143. 68.3263, 38.8424
144. 68.3263, 38.8857
145. 68.3103, 38.9291
146. 68.2943, 38.9725
147. 68.2783, 39.0158
148. 68.2623, 39.0592
149. 68.2462, 39.1026
150. 68.2302, 39.1460
151. 68.2142, 39.1893
152. 68.1982, 39.2327
153. 68.1822, 39.2761
154. 68.1822, 39.3194
155. 68.1822, 39.3628
156. 68.1822, 39.4062
157. 68.1822, 39.4495
158. 68.1822, 39.4929
159. 68.1822, 39.5363
160. 68.1822, 39.5796
161. 68.1822, 39.6230
162. 68.1822, 39.6664
163. 68.1822, 39.7098
164. 68.1822, 39.7531
165. 68.1662, 39.7965
166. 68.1502, 39.8399
167. 68.1341, 39.8832
168. 68.1181, 39.9266
169. 68.1021, 39.9266
170. 68.0861, 39.9700
171. 68.0701, 39.9700
172. 68.0541, 39.9700
173. 68.0380, 40.0133
174. 68.0220, 40.0567
175. 68.0060, 40.1001
176. 67.9900, 40.1001
177. 67.9740, 40.1435
178. 67.9580, 40.1868
179. 67.9419, 40.2302
180. 67.9259, 40.2736
181. 67.9099, 40.3169
182. 67.9099, 40.3603
183. 67.8939, 40.4037
184. 67.8779, 40.4470
185. 67.8619, 40.4470
186. 67.8458, 40.4037
187. 67.8298, 40.3603
188. 67.8138, 40.4037
189. 67.7978, 40.4470
190. 67.7978, 40.4904
191. 67.7978, 40.5338
192. 67.8138, 40.5771
193. 67.8138, 40.6205
194. 67.8138, 40.6639
195. 67.7978, 40.7073
196. 67.7818, 40.7073
197. 67.7658, 40.7506
198. 67.7497, 40.7940
199. 67.7497, 40.8374
200. 67.7497, 40.8807
201. 67.7497, 40.9241
202. 67.7337, 40.9675
203. 67.7177, 41.0108
204. 67.7017, 41.0108
205. 67.6857, 41.0542
206. 67.6697, 41.0542
207. 67.6537, 41.0976
208. 67.6376, 41.1410
209. 67.6216, 41.1843
210. 67.6056, 41.2277
211. 67.6056, 41.2711
212. 67.5896, 41.3144
213. 67.5736, 41.3578
214. 67.5576, 41.4012
215. 67.5415, 41.4445
216. 67.5255, 41.4879
217. 67.5095, 41.4879
218. 67.4935, 41.4879
219. 67.4775, 41.4879
220. 67.4615, 41.4879
221. 67.4454, 41.4879
222. 67.4294, 41.4879
223. 67.4134, 41.4879
224. 67.3974, 41.5313
225. 67.3814, 41.5313
226. 67.3654, 41.5313
227. 67.3493, 41.5313
228. 67.3333, 41.5313
229. 67.3173, 41.5313
230. 67.3013, 41.5313
231. 67.2853, 41.5313
232. 67.2693, 41.5313
233. 67.2533, 41.5746
234. 67.2372, 41.5746
235. 67.2212, 41.5746
236. 67.2052, 41.5746
237. 67.1892, 41.5746
238. 67.1732, 41.5746
239. 67.1572, 41.5746
240. 67.1411, 41.5746
241. 67.1251, 41.5746
242. 67.1091, 41.6180
243. 67.0931, 41.6180
244. 67.0771, 41.6180
245. 67.0611, 41.6180
246. 67.0450, 41.6180
247. 67.0290, 41.6180
248. 67.0130, 41.6180
249. 66.9970, 41.6180
250. 66.9810, 41.6180
251. 66.9650, 41.6614
252. 66.9489, 41.6614
253. 66.9329, 41.6614
254. 66.9169, 41.6614
255. 66.9009, 41.6614
256. 66.8849, 41.6180
257. 66.8689, 41.5746
258. 66.8529, 41.5746
259. 66.8368, 41.5313
260. 66.8208, 41.4879
261. 66.8048, 41.4879
262. 66.7888, 41.4445
263. 66.7728, 41.4012
264. 66.7568, 41.3578
265. 66.7407, 41.3578
266. 66.7247, 41.3144
267. 66.7087, 41.2711
268. 66.6927, 41.2711
269. 66.6767, 41.2277
270. 66.6607, 41.1843
271. 66.6446, 41.1843
272. 66.6286, 41.1410
273. 66.6126, 41.0976
274. 66.5966, 41.0542
275. 66.5806, 41.0542
276. 66.5646, 41.0108
277. 66.5485, 40.9675
278. 66.5325, 40.9675
279. 66.5165, 40.9241
280. 66.5005, 40.8807
281. 66.4845, 40.8807
282. 66.4685, 40.8374
283. 66.4525, 40.7940
284. 66.4364, 40.7506
285. 66.4204, 40.7506
286. 66.4044, 40.7073
287. 66.3884, 40.6639
288. 66.3724, 40.6639
289. 66.3564, 40.6205
290. 66.3403, 40.5771
291. 66.3243, 40.5771
292. 66.3083, 40.5338
293. 66.2923, 40.4904
294. 66.2763, 40.4470
295. 66.2603, 40.4037
296. 66.2442, 40.3603
297. 66.2282, 40.3169
298. 66.2122, 40.2736
299. 66.1962, 40.2302
300. 66.1802, 40.1868
301. 66.1642, 40.1435
302. 66.1481, 40.1001
303. 66.1321, 40.1001
304. 66.1161, 40.1001
305. 66.1001, 40.1001
306. 66.0841, 40.1001
307. 66.0681, 40.1001
308. 66.0521, 40.1001
309. 66.0360, 40.1001
310. 66.0200, 40.1001
311. 66.0040, 40.1001
312. 65.9880, 40.1001
313. 65.9720, 40.1001
314. 65.9560, 40.1001
315. 65.9399, 40.1001
316. 65.9239, 40.1001
317. 65.9079, 40.0567
318. 65.8919, 40.0567
319. 65.8759, 40.0567
320. 65.8599, 40.0567
321. 65.8438, 40.0567
322. 65.8278, 40.0567
323. 65.8118, 40.0567
324. 65.7958, 40.0567
325. 65.7798, 40.0567
326. 65.7638, 40.0567
327. 65.7477, 40.0567
328. 65.7317, 40.0567
329. 65.7157, 40.0567
330. 65.6997, 40.0567
331. 65.6837, 40.0567
332. 65.6677, 40.0133
333. 65.6677, 39.9700
334. 65.6517, 39.9266
335. 65.6356, 39.8832
336. 65.6196, 39.8399
337. 65.6036, 39.7965
338. 65.5876, 39.7965
339. 65.5716, 39.7531
340. 65.5556, 39.7531
341. 65.5395, 39.7098
342. 65.5235, 39.7098
343. 65.5075, 39.7098
344. 65.4915, 39.7098
345. 65.4755, 39.7098
346. 65.4595, 39.7098
347. 65.4434, 39.6664
348. 65.4274, 39.7098
349. 65.4114, 39.7098
350. 65.3954, 39.7098
351. 65.3794, 39.7098
352. 65.3634, 39.7098
353. 65.3473, 39.7098
354. 65.3313, 39.7531
355. 65.3153, 39.7531
356. 65.2993, 39.7965
357. 65.2833, 39.8399
358. 65.2673, 39.8832
359. 65.2513, 39.8832
360. 65.2352, 39.8832
361. 65.2192, 39.9266
362. 65.2032, 39.9266
363. 65.1872, 39.9700
364. 65.1712, 39.9700
365. 65.1552, 40.0133
366. 65.1712, 39.9700
367. 65.1872, 39.9700
368. 65.2032, 39.9266
369. 65.2192, 39.9266
370. 65.2352, 39.8832
371. 65.2513, 39.8832
372. 65.2673, 39.8832
373. 65.2833, 39.8399
374. 65.2993, 39.7965
375. 65.3153, 39.7531
376. 65.3313, 39.7531
377. 65.3473, 39.7098
378. 65.3634, 39.7098
379. 65.3794, 39.7098
380. 65.3954, 39.7098
381. 65.4114, 39.7098
382. 65.4274, 39.7098
383. 65.4434, 39.6664
384. 65.4595, 39.7098
385. 65.4755, 39.7098
386. 65.4915, 39.7098
387. 65.5075, 39.7098
388. 65.5235, 39.7098
389. 65.5395, 39.7098
390. 65.5556, 39.7531
391. 65.5716, 39.7531
392. 65.5876, 39.7965
393. 65.6036, 39.7965
394. 65.6196, 39.8399
395. 65.6356, 39.8832
396. 65.6517, 39.9266
397. 65.6677, 39.9700
398. 65.6837, 40.0133
399. 65.6997, 40.0567
400. 65.7157, 40.1001
401. 65.7317, 40.1435
402. 65.7477, 40.1868
403. 65.7638, 40.2302
404. 65.7798, 40.2736
405. 65.7958, 40.3169
406. 65.8118, 40.3603
407. 65.8278, 40.4037
408. 65.8438, 40.4470
409. 65.8599, 40.4904
410. 65.8759, 40.5338
411. 65.8919, 40.5771
412. 65.9079, 40.5771
413. 65.9239, 40.6205
414. 65.9399, 40.6205
415. 65.9560, 40.6639
416. 65.9720, 40.7073
417. 65.9880, 40.7506
418. 66.0040, 40.7940
419. 66.0200, 40.8374
420. 66.0360, 40.8807
421. 66.0521, 40.9241
422. 66.0681, 40.9675
423. 66.0841, 41.0108
424. 66.1001, 41.0542
425. 66.1161, 41.0976
426. 66.1321, 41.1410
427. 66.1481, 41.1843
428. 66.1642, 41.2277
429. 66.1802, 41.2711
430. 66.1962, 41.3144
431. 66.2122, 41.3578
432. 66.2282, 41.4012
433. 66.2442, 41.4445
434. 66.2603, 41.4879
435. 66.2763, 41.5313
436. 66.2923, 41.5746
437. 66.3083, 41.6180
438. 66.3243, 41.6614
439. 66.3403, 41.7048
440. 66.3564, 41.7481
441. 66.3724, 41.7915
442. 66.3884, 41.8349
443. 66.4044, 41.8782
444. 66.4204, 41.9216
445. 66.4364, 41.9650
446. 66.4525, 42.0083
447. 66.4685, 42.0517
448. 66.4845, 42.0951
449. 66.5005, 42.0951
450. 66.5165, 42.1384
451. 66.5325, 42.1818
452. 66.5485, 42.2252
453. 66.5646, 42.2686
454. 66.5806, 42.3119
455. 66.5966, 42.3553
456. 66.6126, 42.3987
457. 66.6286, 42.3987
458. 66.6446, 42.4420
459. 66.6607, 42.4420
460. 66.6767, 42.4854
461. 66.6927, 42.4854
462. 66.7087, 42.4420
463. 66.7247, 42.4420
464. 66.7407, 42.3987
465. 66.7568, 42.3987
466. 66.7728, 42.4420
467. 66.7888, 42.4854
468. 66.8048, 42.5288
469. 66.8208, 42.5721
470. 66.8368, 42.6155
471. 66.8529, 42.6589
472. 66.8689, 42.7023
473. 66.8849, 42.7456
474. 66.9009, 42.7890
475. 66.9169, 42.8324
476. 66.9329, 42.8757
477. 66.9489, 42.9191
478. 66.9650, 42.9625
479. 66.9810, 43.0058
480. 66.9970, 43.0492
481. 67.0130, 43.0926
482. 67.0290, 43.0926
483. 67.0450, 43.1359
484. 67.0611, 43.1359
485. 67.0771, 43.1793
486. 67.0931, 43.2227
487. 67.1091, 43.2227
488. 67.1251, 43.2661
489. 67.1411, 43.3094
490. 67.1572, 43.3094
491. 67.1732, 43.3094
492. 67.1892, 43.3094
493. 67.2052, 43.3094
494. 67.2212, 43.3094
495. 67.2372, 43.3094
496. 67.2533, 43.3094
497. 67.2693, 43.3094
498. 67.2853, 43.3094
499. 67.3013, 43.3094
500. 67.3173, 43.3094
501. 67.3333, 43.3094
502. 67.3493, 43.3094
503. 67.3654, 43.3094
504. 67.3814, 43.3094
505. 67.3974, 43.3094
506. 67.4134, 43.3094
507. 67.4294, 43.3094
508. 67.4454, 43.3094
509. 67.4615, 43.3094
510. 67.4775, 43.3094
511. 67.4935, 43.3094
512. 67.5095, 43.3094
513. 67.5255, 43.3094
514. 67.5415, 43.3094
515. 67.5576, 43.3094
516. 67.5736, 43.3094
517. 67.5896, 43.3094
518. 67.6056, 43.2661
519. 67.6216, 43.2661
520. 67.6376, 43.2661
521. 67.6537, 43.2661
522. 67.6697, 43.2661
523. 67.6857, 43.2661
524. 67.7017, 43.2661
525. 67.7177, 43.2661
526. 67.7337, 43.2661
527. 67.7497, 43.2661
528. 67.7658, 43.2661
529. 67.7818, 43.2661
530. 67.7978, 43.2661
531. 67.8138, 43.2661
532. 67.8298, 43.2661
533. 67.8458, 43.2661
534. 67.8619, 43.2661
535. 67.8779, 43.2661
536. 67.8939, 43.2661
537. 67.9099, 43.2661
538. 67.9259, 43.2661
539. 67.9419, 43.2661
540. 67.9580, 43.2661
541. 67.9740, 43.2661
542. 67.9900, 43.2661
543. 68.0060, 43.2661
544. 68.0220, 43.2661
545. 68.0380, 43.2661
546. 68.0541, 43.2661
547. 68.0701, 43.2661
548. 68.0861, 43.2661
549. 68.1021, 43.2661
550. 68.1181, 43.2661
551. 68.1341, 43.2661
552. 68.1502, 43.2661
553. 68.1662, 43.2661
554. 68.1822, 43.2661
555. 68.1982, 43.2661
556. 68.2142, 43.2661
557. 68.2302, 43.2661
558. 68.2462, 43.2661
559. 68.2623, 43.2661
560. 68.2783, 43.2661
561. 68.2943, 43.2661
562. 68.3103, 43.2661
563. 68.3263, 43.2661
564. 68.3423, 43.2661
565. 68.3584, 43.2661
566. 68.3744, 43.2661
567. 68.3904, 43.2661
568. 68.4064, 43.2661
569. 68.4224, 43.2661
570. 68.4384, 43.2661
571. 68.4545, 43.2661
572. 68.4705, 43.2661
573. 68.4865, 43.2661
574. 68.5025, 43.2661
575. 68.5185, 43.2661
576. 68.5345, 43.2661
577. 68.5506, 43.2661
578. 68.5666, 43.2661
579. 68.5826, 43.2227
580. 68.5986, 43.2227
581. 68.6146, 43.2227
582. 68.6306, 43.2227
583. 68.6466, 43.2227
584. 68.6627, 43.2661
585. 68.6787, 43.3094
586. 68.6947, 43.3528
587. 68.7107, 43.3528
588. 68.7267, 43.3528
589. 68.7427, 43.3962
590. 68.7588, 43.3962
591. 68.7748, 43.3962
592. 68.7908, 43.3962
593. 68.8068, 43.3962
594. 68.8228, 43.3962
595. 68.8388, 43.3962
596. 68.8549, 43.3962
597. 68.8709, 43.4395
598. 68.8869, 43.4395
599. 68.9029, 43.4395
600. 68.9189, 43.4395
601. 68.9349, 43.4395
602. 68.9510, 43.4395
603. 68.9670, 43.4395
604. 68.9830, 43.4395
605. 68.9990, 43.4395
606. 69.0150, 43.4829
607. 69.0310, 43.4829
608. 69.0470, 43.4829
609. 69.0631, 43.4829
610. 69.0791, 43.4829
611. 69.0951, 43.4829
612. 69.1111, 43.4829
613. 69.1271, 43.4829
614. 69.1431, 43.4829
615. 69.1592, 43.5263
616. 69.1752, 43.5263
617. 69.1912, 43.5263
618. 69.2072, 43.5263
619. 69.2232, 43.5263
620. 69.2392, 43.5696
621. 69.2553, 43.5696
622. 69.2713, 43.6130
623. 69.2873, 43.6564
624. 69.3033, 43.6564
625. 69.3193, 43.6997
626. 69.3353, 43.7431
627. 69.3514, 43.7431
628. 69.3674, 43.7865
629. 69.3834, 43.7865
630. 69.3994, 43.8299
631. 69.4154, 43.8732
632. 69.4314, 43.8732
633. 69.4474, 43.9166
634. 69.4635, 43.9600
635. 69.4795, 43.9600
636. 69.4955, 44.0033
637. 69.5115, 44.0467
638. 69.5275, 44.0467
639. 69.5435, 44.0901
640. 69.5596, 44.1334
641. 69.5756, 44.1334
642. 69.5916, 44.1768
643. 69.6076, 44.2202
644. 69.6236, 44.2202
645. 69.6396, 44.2636
646. 69.6557, 44.3069
647. 69.6717, 44.3069
648. 69.6877, 44.3503
649. 69.7037, 44.3937
650. 69.7197, 44.3937
651. 69.7357, 44.4370
652. 69.7518, 44.4804
653. 69.7678, 44.4804
654. 69.7838, 44.5238
655. 69.7998, 44.5671
656. 69.8158, 44.5671
657. 69.8318, 44.6105
658. 69.8478, 44.6539
659. 69.8639, 44.6539
660. 69.8799, 44.6972
661. 69.8959, 44.7406
662. 69.9119, 44.7406
663. 69.9279, 44.7840
664. 69.9439, 44.8274
665. 69.9600, 44.8274
666. 69.9760, 44.8707
667. 69.9920, 44.9141
668. 70.0080, 44.9141
669. 70.0240, 44.9575
670. 70.0400, 45.0008
671. 70.0561, 45.0008
672. 70.0721, 45.0442
673. 70.0881, 45.0876
674. 70.1041, 45.0876
675. 70.1201, 45.1309
676. 70.1361, 45.1743
677. 70.1522, 45.2177
678. 70.1682, 45.2611
679. 70.1842, 45.3044
680. 70.2002, 45.3478
681. 70.2162, 45.3912
682. 70.2322, 45.4345
683. 70.2482, 45.4779
684. 70.2643, 45.5213
685. 70.2803, 45.5646
686. 70.2963, 45.6080
687. 70.3123, 45.6514
688. 70.3283, 45.6947
689. 70.3443, 45.7381
690. 70.3604, 45.7815
691. 70.3764, 45.8249
692. 70.3924, 45.8682
693. 70.4084, 45.9116
694. 70.4244, 45.9550
695. 70.4404, 45.9983
696. 70.4565, 46.0417
697. 70.4725, 46.0851
698. 70.4885, 46.1284
699. 70.5045, 46.1718
700. 70.5205, 46.2152
701. 70.5365, 46.2585
702. 70.5526, 46.3019
703. 70.5686, 46.3453
704. 70.5846, 46.3887
705. 70.6006, 46.4320
706. 70.6166, 46.4754
707. 70.6326, 46.5188
708. 70.6486, 46.5621
709. 70.6647, 46.6055
710. 70.6807, 46.6489
711. 70.6967, 46.6922
712. 70.7127, 46.7356
713. 70.7287, 46.7790
714. 70.7447, 46.8224
715. 70.7608, 46.8657
716. 70.7768, 46.9091
717. 70.7928, 46.9525
718. 70.8088, 46.9958
719. 70.8248, 47.0392
720. 70.8408, 47.0826
721. 70.8569, 47.1259
722. 70.8729, 47.1693
723. 70.8889, 47.2127
724. 70.9049, 47.2560
725. 70.9209, 47.2994
726. 70.9369, 47.3428
727. 70.9530, 47.3862
728. 70.9690, 47.4295
729. 70.9850, 47.4729
730. 71.0010, 47.5163
731. 71.0170, 47.5596
732. 71.0330, 47.6030
733. 71.0490, 47.6464
734. 71.0651, 47.6897
735. 71.0811, 47.7331
736. 71.0971, 47.7765
737. 71.1131, 47.8198
738. 71.1291, 47.8632
739. 71.1451, 47.9066
740. 71.1612, 47.9500
741. 71.1772, 47.9933
742. 71.1932, 48.0367
743. 71.2092, 48.0801
744. 71.2252, 48.1234
745. 71.2412, 48.1668
746. 71.2573, 48.2102
747. 71.2733, 48.2535
748. 71.2893, 48.2969
749. 71.3053, 48.3403
750. 71.3213, 48.3837
751. 71.3373, 48.4270
752. 71.3534, 48.4704
753. 71.3694, 48.5138
754. 71.3854, 48.5571
755. 71.4014, 48.6005
756. 71.4174, 48.6439
757. 71.4334, 48.6872
758. 71.4494, 48.7306
759. 71.4655, 48.7740
760. 71.4815, 48.8173
761. 71.4975, 48.8607
762. 71.5135, 48.9041
763. 71.5295, 48.9475
764. 71.5455, 48.9908
765. 71.5616, 49.0342
766. 71.5776, 49.0776
767. 71.5936, 49.1209
768. 71.6096, 49.1643
769. 71.6256, 49.2077
770. 71.6416, 49.2510
771. 71.6577, 49.2944
772. 71.6737, 49.3378
773. 71.6897, 49.3812
774. 71.7057, 49.4245
775. 71.7217, 49.4679
776. 71.7377, 49.5113
777. 71.7538, 49.5546
778. 71.7698, 49.5980
779. 71.7858, 49.6414
780. 71.8018, 49.6847
781. 71.8178, 49.7281
782. 71.8338, 49.7715
783. 71.8498, 49.8148
784. 71.8659, 49.8582
785. 71.8819, 49.9016
786. 71.8979, 49.9450
787. 71.9139, 49.9883
788. 71.9299, 50.0317
789. 71.9459, 50.0751
790. 71.9620, 50.1184
791. 71.9780, 50.1618
792. 71.9940, 50.2052
793. 72.0100, 50.2485
794. 72.0260, 50.2919
795. 72.0420, 50.3353
796. 72.0581, 50.3786
797. 72.0741, 50.4220
798. 72.0901, 50.4654
799. 72.1061, 50.5088
800. 72.1221, 50.5521
801. 72.1381, 50.5955
802. 72.1542, 50.6389
803. 72.1702, 50.6822
804. 72.1862, 50.7256
805. 72.2022, 50.7690
806. 72.2182, 50.8123
807. 72.2342, 50.8557
808. 72.2503, 50.8991
809. 72.2663, 50.9425
810. 72.2823, 50.9425
811. 72.2983, 50.9425
812. 72.3143, 50.9425
813. 72.3303, 50.9425
814. 72.3463, 50.9425
815. 72.3624, 50.9425
816. 72.3784, 50.9425
817. 72.3944, 50.9425
818. 72.4104, 50.9425
819. 72.4264, 50.9425
820. 72.4424, 50.9425
821. 72.4585, 50.9425
822. 72.4745, 50.9425
823. 72.4905, 50.9425
824. 72.5065, 50.9425
825. 72.5225, 50.9425
826. 72.5385, 50.9425
827. 72.5546, 50.9425
828. 72.5706, 50.9858
829. 72.5866, 50.9858
830. 72.6026, 50.9858
831. 72.6186, 50.9858
832. 72.6346, 50.9858
833. 72.6507, 50.9858
834. 72.6667, 50.9858
835. 72.6827, 50.9858
836. 72.6987, 50.9858
837. 72.7147, 50.9858
838. 72.7307, 50.9858
839. 72.7467, 50.9858
840. 72.7628, 50.9858
841. 72.7788, 50.9858
842. 72.7948, 50.9858
843. 72.8108, 50.9858
844. 72.8268, 50.9858
845. 72.8428, 50.9858
846. 72.8589, 50.9858
847. 72.8749, 50.9858
848. 72.8909, 50.9858
849. 72.9069, 50.9858
850. 72.9229, 50.9858
851. 72.9389, 50.9858
852. 72.9550, 50.9858
853. 72.9710, 50.9858
854. 72.9870, 50.9858
855. 73.0030, 50.9858
856. 73.0190, 51.0292
857. 73.0350, 51.0726
858. 73.0511, 51.1159
859. 73.0671, 51.1593
860. 73.0831, 51.2027
861. 73.0991, 51.2460
862. 73.1151, 51.2894
863. 73.1311, 51.3328
864. 73.1471, 51.3761
865. 73.1632, 51.4195
866. 73.1792, 51.4629
867. 73.1952, 51.5063
868. 73.2112, 51.5496
869. 73.2272, 51.5930
870. 73.2432, 51.6364
871. 73.2593, 51.6797
872. 73.2753, 51.7231
873. 73.2913, 51.7665
874. 73.3073, 51.8098
875. 73.3233, 51.8532
876. 73.3393, 51.8966
877. 73.3554, 51.9399
878. 73.3714, 51.9833
879. 73.3874, 52.0267
880. 73.4034, 52.0701
881. 73.4194, 52.1134
882. 73.4354, 52.1568
883. 73.4515, 52.2002
884. 73.4675, 52.2435
885. 73.4835, 52.2869
886. 73.4995, 52.3303
887. 73.5155, 52.3736
888. 73.5315, 52.4170
889. 73.5475, 52.4604
890. 73.5636, 52.5038
891. 73.5796, 52.5471
892. 73.5956, 52.5905
893. 73.6116, 52.6339
894. 73.6276, 52.6772
895. 73.6436, 52.7206
896. 73.6597, 52.7640
897. 73.6757, 52.8073
898. 73.6917, 52.8507
899. 73.7077, 52.8941
900. 73.7237, 52.9374
901. 73.7397, 52.9808
902. 73.7558, 53.0242
903. 73.7718, 53.0676
904. 73.7878, 53.1109
905. 73.8038, 53.1543
906. 73.8198, 53.1977
907. 73.8358, 53.2410
908. 73.8519, 53.2844
909. 73.8679, 53.3278
910. 73.8839, 53.3711
911. 73.8999, 53.4145
912. 73.9159, 53.4579
913. 73.9319, 53.5013
914. 73.9479, 53.5446
915. 73.9640, 53.5880
916. 73.9800, 53.6314
917. 73.9960, 53.6747
918. 74.0120, 53.6747
919. 74.0280, 53.7181
920. 74.0440, 53.7615
921. 74.0601, 53.7615
922. 74.0761, 53.8048
923. 74.0921, 53.8048
924. 74.1081, 53.8482
925. 74.1241, 53.8482
926. 74.1401, 53.8916
927. 74.1562, 53.8916
928. 74.1722, 53.9349
929. 74.1882, 53.9349
930. 74.2042, 53.9783
931. 74.2202, 53.9783
932. 74.2362, 54.0217
933. 74.2523, 54.0217
934. 74.2683, 54.0651
935. 74.2843, 54.1084
936. 74.3003, 54.1084
937. 74.3163, 54.1518
938. 74.3323, 54.1518
939. 74.3483, 54.1952
940. 74.3644, 54.1952
941. 74.3804, 54.2385
942. 74.3964, 54.2385
943. 74.4124, 54.2819
944. 74.4284, 54.2819
945. 74.4444, 54.3253
946. 74.4605, 54.3253
947. 74.4765, 54.3686
948. 74.4925, 54.4120
949. 74.5085, 54.4120
950. 74.5245, 54.4554
951. 74.5405, 54.4554
952. 74.5566, 54.4987
953. 74.5726, 54.4987
954. 74.5886, 54.5421
955. 74.6046, 54.5421
956. 74.6206, 54.5855
957. 74.6366, 54.5855
958. 74.6527, 54.6289
959. 74.6687, 54.6289
960. 74.6847, 54.6722
961. 74.7007, 54.7156
962. 74.7167, 54.7156
963. 74.7327, 54.7590
964. 74.7487, 54.7590
965. 74.7648, 54.8023
966. 74.7808, 54.8023
967. 74.7968, 54.8457
968. 74.8128, 54.8457
969. 74.8288, 54.8891
970. 74.8448, 54.8891
971. 74.8609, 54.8457
972. 74.8769, 54.8023
973. 74.8929, 54.7590
974. 74.9089, 54.7156
975. 74.9249, 54.6722
976. 74.9409, 54.6289
977. 74.9570, 54.5855
978. 74.9730, 54.5421
979. 74.9890, 54.4987
980. 75.0050, 54.4554
981. 75.0210, 54.4120
982. 75.0370, 54.3686
983. 75.0531, 54.3253
984. 75.0691, 54.2819
985. 75.0851, 54.2385
986. 75.1011, 54.1952
987. 75.1171, 54.2385
988. 75.1331, 54.2819
989. 75.1491, 54.3253
990. 75.1652, 54.3686
991. 75.1812, 54.4120
992. 75.1972, 54.4554
993. 75.2132, 54.4987
994. 75.2292, 54.5421
995. 75.2452, 54.5855
996. 75.2613, 54.6289
997. 75.2773, 54.6722
998. 75.2933, 54.7156
999. 75.3093, 54.7590
1000. 75.3253, 54.8023
1001. 75.3413, 54.8457
1002. 75.3574, 54.8891
1003. 75.3734, 54.9324
1004. 75.3894, 54.9758
1005. 75.4054, 55.0192
1006. 75.4214, 55.0626
1007. 75.4374, 55.1059
1008. 75.4535, 55.1493
1009. 75.4695, 55.1927
1010. 75.4855, 55.2360
1011. 75.5015, 55.2794
1012. 75.5175, 55.3228
1013. 75.5335, 55.3661
1014. 75.5495, 55.4095
1015. 75.5656, 55.4529
1016. 75.5816, 55.4962
1017. 75.5976, 55.5396
1018. 75.6136, 55.5830
1019. 75.6296, 55.6264
1020. 75.6456, 55.6697
1021. 75.6617, 55.7131
1022. 75.6777, 55.7565
1023. 75.6937, 55.7998
1024. 75.7097, 55.8432
1025. 75.7257, 55.8866
1026. 75.7417, 55.9299
1027. 75.7578, 55.9733
1028. 75.7738, 56.0167
1029. 75.7898, 56.0601
1030. 75.8058, 56.1034
1031. 75.8218, 56.1468
1032. 75.8378, 56.1902
1033. 75.8539, 56.2335
1034. 75.8699, 56.2769
1035. 75.8859, 56.3203
1036. 75.9019, 56.3636
1037. 75.9179, 56.4070
1038. 75.9339, 56.4504
1039. 75.9499, 56.4937
1040. 75.9660, 56.5371
1041. 75.9820, 56.5805
1042. 75.9980, 56.6239
1043. 76.0140, 56.6672
1044. 76.0300, 56.7106
1045. 76.0460, 56.7540
1046. 76.0621, 56.7973
1047. 76.0781, 56.8407
1048. 76.0941, 56.8841
1049. 76.1101, 56.9274
1050. 76.1261, 56.9708
1051. 76.1421, 57.0142
1052. 76.1582, 57.0575
1053. 76.1742, 57.1009
1054. 76.1902, 57.1443
1055. 76.2062, 57.1877
1056. 76.2222, 57.2310
1057. 76.2382, 57.2744
1058. 76.2543, 57.3178
1059. 76.2703, 57.3611
1060. 76.2863, 57.4045
1061. 76.3023, 57.4479
1062. 76.3183, 57.4912
1063. 76.3343, 57.5346
1064. 76.3504, 57.5780
1065. 76.3664, 57.6214
1066. 76.3824, 57.6647
1067. 76.3984, 57.7081
1068. 76.4144, 57.7515
1069. 76.4304, 57.7948
1070. 76.4464, 57.8382
1071. 76.4625, 57.8816
1072. 76.4785, 57.9249
1073. 76.4945, 57.9683
1074. 76.5105, 58.0117
1075. 76.5265, 58.0550
1076. 76.5425, 58.0984
1077. 76.5586, 58.1418
1078. 76.5746, 58.1852
1079. 76.5906, 58.2285
1080. 76.6066, 58.2719
1081. 76.6226, 58.3153
1082. 76.6386, 58.3586
1083. 76.6547, 58.4020
1084. 76.6707, 58.4454
1085. 76.6867, 58.4887
1086. 76.7027, 58.5321
1087. 76.7187, 58.5755
1088. 76.7347, 58.6188
1089. 76.7508, 58.6622
1090. 76.7668, 58.7056
1091. 76.7828, 58.7490
1092. 76.7988, 58.7923
1093. 76.8148, 58.8357
1094. 76.8308, 58.8791
1095. 76.8468, 58.9224
1096. 76.8629, 58.9658
1097. 76.8789, 59.0092
1098. 76.8949, 59.0525
1099. 76.9109, 59.0959
1100. 76.9269, 59.1393
1101. 76.9429, 59.1827
1102. 76.9590, 59.2260
1103. 76.9750, 59.2694
1104. 76.9910, 59.3128
1105. 77.0070, 59.3561
1106. 77.0230, 59.3995
1107. 77.0390, 59.4429
1108. 77.0551, 59.4862
1109. 77.0711, 59.5296
1110. 77.0871, 59.5730
1111. 77.1031, 59.6163
1112. 77.1191, 59.6597
1113. 77.1351, 59.7031
1114. 77.1512, 59.7465
1115. 77.1672, 59.7898
1116. 77.1832, 59.8332
1117. 77.1832, 59.8766
1118. 77.1832, 59.9199
1119. 77.1832, 59.9633
1120. 77.1832, 60.0067
1121. 77.1832, 60.0500
1122. 77.1832, 60.0934
1123. 77.1832, 60.1368
1124. 77.1832, 60.1802
1125. 77.1832, 60.2235
1126. 77.1832, 60.2669
1127. 77.1832, 60.3103
1128. 77.1832, 60.3536
1129. 77.1832, 60.3970
1130. 77.1832, 60.4404
1131. 77.1832, 60.4837
1132. 77.1832, 60.5271
1133. 77.1832, 60.5705
1134. 77.1832, 60.6138
1135. 77.1832, 60.6572
1136. 77.1832, 60.7006
1137. 77.1832, 60.7440
1138. 77.1832, 60.7873
1139. 77.1832, 60.8307
1140. 77.1832, 60.8741
1141. 77.1832, 60.9174
1142. 77.1992, 60.9608
1143. 77.1992, 61.0042
1144. 77.1992, 61.0475
1145. 77.1992, 61.0909
1146. 77.1992, 61.1343
1147. 77.1992, 61.1776
1148. 77.1992, 61.2210
1149. 77.1992, 61.2644
1150. 77.1992, 61.3078
1151. 77.1992, 61.3511
1152. 77.1992, 61.3945
1153. 77.1992, 61.4379
1154. 77.1992, 61.4812
1155. 77.1992, 61.5246
1156. 77.1992, 61.5680
1157. 77.1992, 61.6113
1158. 77.1992, 61.6547
1159. 77.1992, 61.6981
1160. 77.1992, 61.7415
1161. 77.1992, 61.7848
1162. 77.1992, 61.8282
1163. 77.1992, 61.8716
1164. 77.1992, 61.9149
1165. 77.1992, 61.9583
1166. 77.1992, 62.0017
1167. 77.1992, 62.0450
1168. 77.1992, 62.0884
1169. 77.1992, 62.1318
1170. 77.2152, 62.1751
1171. 77.2152, 62.2185
1172. 77.2152, 62.2619
1173. 77.2152, 62.3053
1174. 77.2152, 62.3486
1175. 77.2152, 62.3920
1176. 77.2152, 62.4354
1177. 77.2152, 62.4787
1178. 77.2152, 62.5221
1179. 77.2152, 62.5655
1180. 77.2152, 62.6088
1181. 77.2152, 62.6522
1182. 77.2152, 62.6956
1183. 77.2152, 62.7389
1184. 77.2152, 62.7823
1185. 77.2152, 62.8257
1186. 77.2152, 62.8691
1187. 77.2152, 62.9124
1188. 77.2152, 62.9558
1189. 77.2152, 62.9992
1190. 77.2152, 63.0425
1191. 77.2152, 63.0859
1192. 77.2152, 63.1293
1193. 77.2152, 63.1726
1194. 77.2152, 63.2160
1195. 77.2152, 63.2594
1196. 77.2152, 63.3028
1197. 77.2152, 63.3461
1198. 77.2312, 63.3895
1199. 77.2312, 63.4329
1200. 77.2312, 63.4762
1201. 77.2312, 63.5196
1202. 77.2312, 63.5630
1203. 77.2312, 63.6063
1204. 77.2312, 63.6497
1205. 77.2312, 63.6931
1206. 77.2312, 63.7364
1207. 77.2312, 63.7798
1208. 77.2312, 63.8232
1209. 77.2312, 63.8666
1210. 77.2312, 63.9099
1211. 77.2312, 63.9533
1212. 77.2312, 63.9967
1213. 77.2312, 64.0400
1214. 77.2312, 64.0834
1215. 77.2312, 64.1268
1216. 77.2312, 64.1701
1217. 77.2312, 64.2135
1218. 77.2312, 64.2569
1219. 77.2312, 64.3003
1220. 77.2312, 64.3436
1221. 77.2312, 64.3870
1222. 77.2312, 64.4304
1223. 77.2312, 64.4737
1224. 77.2312, 64.5171
1225. 77.2472, 64.5605
1226. 77.2472, 64.6038
1227. 77.2472, 64.6472
1228. 77.2472, 64.6906
1229. 77.2472, 64.7339
1230. 77.2472, 64.7773
1231. 77.2472, 64.8207
1232. 77.2472, 64.8641
1233. 77.2472, 64.9074
1234. 77.2472, 64.9508
1235. 77.2472, 64.9942
1236. 77.2472, 65.0375
1237. 77.2472, 65.0809
1238. 77.2472, 65.1243
1239. 77.2472, 65.1676
1240. 77.2472, 65.2110
1241. 77.2472, 65.2544
1242. 77.2472, 65.2977
1243. 77.2472, 65.3411
1244. 77.2472, 65.3845
1245. 77.2472, 65.4279
1246. 77.2472, 65.4712
1247. 77.2472, 65.5146
1248. 77.2472, 65.5580
1249. 77.2472, 65.6013
1250. 77.2472, 65.6447
1251. 77.2472, 65.6881
1252. 77.2472, 65.7314
1253. 77.2633, 65.7748
1254. 77.2633, 65.8182
1255. 77.2633, 65.8616
1256. 77.2633, 65.9049
1257. 77.2633, 65.9483
1258. 77.2633, 65.9917
1259. 77.2633, 66.0350
1260. 77.2633, 66.0784
1261. 77.2633, 66.1218
1262. 77.2633, 66.1651
1263. 77.2633, 66.2085
1264. 77.2633, 66.2519
1265. 77.2633, 66.2952
1266. 77.2633, 66.3386
1267. 77.2793, 66.3820
1268. 77.2953, 66.4254
1269. 77.3113, 66.4687
1270. 77.3273, 66.5121
1271. 77.3433, 66.5555
1272. 77.3594, 66.5988
1273. 77.3754, 66.6422
1274. 77.3914, 66.6856
1275. 77.4074, 66.7289
1276. 77.4234, 66.7723
1277. 77.4394, 66.8157
1278. 77.4555, 66.8590
1279. 77.4555, 66.9024
1280. 77.4555, 66.9458
1281. 77.4555, 66.9892
1282. 77.4555, 67.0325
1283. 77.4555, 67.0759
1284. 77.4555, 67.1193
1285. 77.4555, 67.1626
1286. 77.4555, 67.2060
1287. 77.4555, 67.2494
1288. 77.4555, 67.2927
1289. 77.4555, 67.3361
1290. 77.4555, 67.3795
1291. 77.4555, 67.4229
1292. 77.4555, 67.4662
1293. 77.4555, 67.5096
1294. 77.4555, 67.5530
1295. 77.4555, 67.5963
1296. 77.4555, 67.6397
1297. 77.4555, 67.6831
1298. 77.4715, 67.7264
1299. 77.4715, 67.7698
1300. 77.4715, 67.8132
1301. 77.4715, 67.8565
1302. 77.4715, 67.8999
1303. 77.4715, 67.9433
1304. 77.4715, 67.9867
1305. 77.4715, 68.0300
1306. 77.4715, 68.0734
1307. 77.4715, 68.1168
1308. 77.4715, 68.1601
1309. 77.4715, 68.2035
1310. 77.4715, 68.2469
1311. 77.4715, 68.2902
1312. 77.4715, 68.3336
1313. 77.4715, 68.3770
1314. 77.4715, 68.4204
1315. 77.4715, 68.4637
1316. 77.4715, 68.5071
1317. 77.4715, 68.5505
1318. 77.4715, 68.5938
1319. 77.4715, 68.6372
1320. 77.4715, 68.6806
1321. 77.4715, 68.7239
1322. 77.4715, 68.7673
1323. 77.4715, 68.8107
1324. 77.4715, 68.8540
1325. 77.4715, 68.8974
1326. 77.4875, 68.9408
1327. 77.4875, 68.9842
1328. 77.4875, 69.0275
1329. 77.4875, 69.0709
1330. 77.4875, 69.1143
1331. 77.4875, 69.1576
1332. 77.4875, 69.2010
1333. 77.4875, 69.2444
1334. 77.4875, 69.2877
1335. 77.4875, 69.3311
1336. 77.4875, 69.3745
1337. 77.4875, 69.4178
1338. 77.4875, 69.4612
1339. 77.4875, 69.5046
1340. 77.4875, 69.5480
1341. 77.4875, 69.5913
1342. 77.4875, 69.6347
1343. 77.4875, 69.6781
1344. 77.4875, 69.7214
1345. 77.4875, 69.7648
1346. 77.4875, 69.8082
1347. 77.4875, 69.8515
1348. 77.4875, 69.8949
1349. 77.4875, 69.9383
1350. 77.4875, 69.9817
1351. 77.4875, 70.0250
1352. 77.4875, 70.0684
1353. 77.5035, 70.1118
1354. 77.5035, 70.1551
1355. 77.5035, 70.1985
1356. 77.5035, 70.2419
1357. 77.5035, 70.2852
1358. 77.5035, 70.3286
1359. 77.5035, 70.3720
1360. 77.5035, 70.4153
1361. 77.5035, 70.4587
1362. 77.5035, 70.5021
1363. 77.5035, 70.5455
1364. 77.5035, 70.5888
1365. 77.5035, 70.6322
1366. 77.5035, 70.6756
1367. 77.4875, 70.7189
1368. 77.4715, 70.7623
1369. 77.4555, 70.8057
1370. 77.4394, 70.8490
1371. 77.4234, 70.8924
1372. 77.4074, 70.9358
1373. 77.3914, 70.9791
1374. 77.3754, 71.0225
1375. 77.3594, 71.0659
1376. 77.3433, 71.1093
1377. 77.3273, 71.1526
1378. 77.3113, 71.1960
1379. 77.2953, 71.2394
1380. 77.2793, 71.2827
1381. 77.2633, 71.3261
1382. 77.2472, 71.3695
1383. 77.2312, 71.4128
1384. 77.2152, 71.4562
1385. 77.1992, 71.4996
1386. 77.1832, 71.5430
1387. 77.1672, 71.5863
1388. 77.1512, 71.6297
1389. 77.1351, 71.6731
1390. 77.1191, 71.7164
1391. 77.1031, 71.7598
1392. 77.0871, 71.8032
1393. 77.0711, 71.8465
1394. 77.0551, 71.8899
1395. 77.0390, 71.9333
1396. 77.0230, 71.9766
1397. 77.0070, 72.0200
1398. 76.9910, 72.0634
1399. 76.9750, 72.1068
1400. 76.9590, 72.1068
1401. 76.9429, 72.1068
1402. 76.9269, 72.1068
1403. 76.9109, 72.1068
1404. 76.8949, 72.1068
1405. 76.8789, 72.1068
1406. 76.8629, 72.1068
1407. 76.8468, 72.1068
1408. 76.8308, 72.1068
1409. 76.8148, 72.1068
1410. 76.7988, 72.1068
1411. 76.7828, 72.1068
1412. 76.7668, 72.1068
1413. 76.7508, 72.1068
1414. 76.7347, 72.1068
1415. 76.7187, 72.1068
1416. 76.7027, 72.1068
1417. 76.6867, 72.1068
1418. 76.6707, 72.1068
1419. 76.6547, 72.1068
1420. 76.6386, 72.1068
1421. 76.6226, 72.1068
1422. 76.6066, 72.1068
1423. 76.5906, 72.1068
1424. 76.5746, 72.1068
1425. 76.5586, 72.1068
1426. 76.5425, 72.1068
1427. 76.5265, 72.1068
1428. 76.5105, 72.1068
1429. 76.4945, 72.1068
1430. 76.4785, 72.1068
1431. 76.4625, 72.1068
1432. 76.4464, 72.1068
1433. 76.4304, 72.1068
1434. 76.4144, 72.1068
1435. 76.3984, 72.1068
1436. 76.3824, 72.1068
1437. 76.3664, 72.1068
1438. 76.3504, 72.1068
1439. 76.3343, 72.1068
1440. 76.3183, 72.1068
1441. 76.3023, 72.1068
1442. 76.2863, 72.1068
1443. 76.2703, 72.1068
1444. 76.2543, 72.1068
1445. 76.2382, 72.1068
1446. 76.2222, 72.1068
1447. 76.2062, 72.1068
1448. 76.1902, 72.1068
1449. 76.1742, 72.1068
1450. 76.1582, 72.1068
1451. 76.1421, 72.1068
1452. 76.1261, 72.1068
1453. 76.1101, 72.1068
1454. 76.0941, 72.1068
1455. 76.0781, 72.1068
1456. 76.0621, 72.1068
1457. 76.0460, 72.1068
1458. 76.0300, 72.1068
1459. 76.0140, 72.1068
1460. 75.9980, 72.1068
1461. 75.9820, 72.1068
1462. 75.9660, 72.1068
1463. 75.9499, 72.1068
1464. 75.9339, 72.1068
1465. 75.9179, 72.1068
1466. 75.9019, 72.1068
1467. 75.8859, 72.1068
1468. 75.8699, 72.1068
1469. 75.8539, 72.1068
1470. 75.8378, 72.1068
1471. 75.8218, 72.1068
1472. 75.8058, 72.1068
1473. 75.7898, 72.1068
1474. 75.7738, 72.1068
1475. 75.7578, 72.1068
1476. 75.7417, 72.1068
1477. 75.7257, 72.1068
1478. 75.7097, 72.1068
1479. 75.6937, 72.1068
1480. 75.6777, 72.1068
1481. 75.6617, 72.1068
1482. 75.6456, 72.1068
1483. 75.6296, 72.1068
1484. 75.6136, 72.1068
1485. 75.5976, 72.1068
1486. 75.5816, 72.1068
1487. 75.5656, 72.1068
1488. 75.5495, 72.1501
1489. 75.5335, 72.1501
1490. 75.5175, 72.1501
1491. 75.5015, 72.1501
1492. 75.4855, 72.1501
1493. 75.4695, 72.1501
1494. 75.4535, 72.1501
1495. 75.4374, 72.1501
1496. 75.4214, 72.1501
1497. 75.4054, 72.1501
1498. 75.3894, 72.1501
1499. 75.3734, 72.1501
1500. 75.3574, 72.1501
1501. 75.3413, 72.1501
1502. 75.3253, 72.1501
1503. 75.3093, 72.1501
1504. 75.2933, 72.1501
1505. 75.2773, 72.1501
1506. 75.2613, 72.1501
1507. 75.2452, 72.1501
1508. 75.2292, 72.1501
1509. 75.2132, 72.1501
1510. 75.1972, 72.1501
1511. 75.1812, 72.1501
1512. 75.1652, 72.1501
1513. 75.1491, 72.1501
1514. 75.1331, 72.1501
1515. 75.1171, 72.1501
1516. 75.1011, 72.1501
1517. 75.0851, 72.1501
1518. 75.0691, 72.1501
1519. 75.0531, 72.1501
1520. 75.0370, 72.1501
1521. 75.0210, 72.1501
1522. 75.0050, 72.1501
1523. 74.9890, 72.1501
1524. 74.9730, 72.1501
1525. 74.9570, 72.1501
1526. 74.9409, 72.1501
1527. 74.9249, 72.1501
1528. 74.9089, 72.1501
1529. 74.8929, 72.1501
1530. 74.8769, 72.1501
1531. 74.8609, 72.1501
1532. 74.8448, 72.1501
1533. 74.8288, 72.1501
1534. 74.8128, 72.1501
1535. 74.7968, 72.1501
1536. 74.7808, 72.1501
1537. 74.7648, 72.1501
1538. 74.7487, 72.1501
1539. 74.7327, 72.1501
1540. 74.7167, 72.1501
1541. 74.7007, 72.1501
1542. 74.6847, 72.1501
1543. 74.6687, 72.1501
1544. 74.6527, 72.1501
1545. 74.6366, 72.1501
1546. 74.6206, 72.1501
1547. 74.6046, 72.1501
1548. 74.5886, 72.1501
1549. 74.5726, 72.1501
1550. 74.5566, 72.1501
1551. 74.5405, 72.1501
1552. 74.5245, 72.1501
1553. 74.5085, 72.1501
1554. 74.4925, 72.1501
1555. 74.4765, 72.1501
1556. 74.4605, 72.1501
1557. 74.4444, 72.1501
1558. 74.4284, 72.1501
1559. 74.4124, 72.1501
1560. 74.3964, 72.1501
1561. 74.3804, 72.1501
1562. 74.3644, 72.1501
1563. 74.3483, 72.1501
1564. 74.3323, 72.1501
1565. 74.3163, 72.1501
1566. 74.3003, 72.1501
1567. 74.2843, 72.1501
1568. 74.2683, 72.1501
1569. 74.2523, 72.1501
1570. 74.2362, 72.1501
1571. 74.2202, 72.1501
1572. 74.2042, 72.1501
1573. 74.1882, 72.1501
1574. 74.1722, 72.1501
1575. 74.1562, 72.1501
1576. 74.1401, 72.1501
1577. 74.1241, 72.1501
1578. 74.1081, 72.1501
1579. 74.0921, 72.1501
1580. 74.0761, 72.1501
1581. 74.0601, 72.1501
1582. 74.0440, 72.1501
1583. 74.0280, 72.1501
1584. 74.0120, 72.1501
1585. 73.9960, 72.1501
1586. 73.9800, 72.1501
1587. 73.9640, 72.1501
1588. 73.9479, 72.1501
1589. 73.9319, 72.1935
1590. 73.9159, 72.1935
1591. 73.8999, 72.1935
1592. 73.8839, 72.2369
1593. 73.8679, 72.2369
1594. 73.8519, 72.2369
1595. 73.8358, 72.2802
1596. 73.8198, 72.2802
1597. 73.8038, 72.2802
1598. 73.7878, 72.3236
1599. 73.7718, 72.3236
1600. 73.7558, 72.3236
1601. 73.7397, 72.3236
1602. 73.7237, 72.3670
1603. 73.7077, 72.3670
1604. 73.6917, 72.3670
1605. 73.6757, 72.4103
1606. 73.6597, 72.4103
1607. 73.6436, 72.4103
1608. 73.6276, 72.4537
1609. 73.6116, 72.4537
1610. 73.5956, 72.4537
1611. 73.5796, 72.4971
1612. 73.5636, 72.4971
1613. 73.5475, 72.4971
1614. 73.5315, 72.5405
1615. 73.5155, 72.5405
1616. 73.4995, 72.5405
1617. 73.4835, 72.5838
1618. 73.4675, 72.5838
1619. 73.4515, 72.5838
1620. 73.4354, 72.6272
1621. 73.4194, 72.6272
1622. 73.4034, 72.6272
1623. 73.3874, 72.6706
1624. 73.3714, 72.6706
1625. 73.3554, 72.6706
1626. 73.3393, 72.7139
1627. 73.3233, 72.7139
1628. 73.3073, 72.7139
1629. 73.2913, 72.7573
1630. 73.2753, 72.7573
1631. 73.2593, 72.7573
1632. 73.2432, 72.8007
1633. 73.2272, 72.8007
1634. 73.2112, 72.8007
1635. 73.1952, 72.8440
1636. 73.1792, 72.8440
1637. 73.1632, 72.8440
1638. 73.1471, 72.8874
1639. 73.1311, 72.8874
1640. 73.1151, 72.8874
1641. 73.0991, 72.9308
1642. 73.0831, 72.9308
1643. 73.0671, 72.9308
1644. 73.0511, 72.9741
1645. 73.0350, 72.9741
1646. 73.0190, 72.9741
1647. 73.0030, 73.0175
1648. 72.9870, 73.0175
1649. 72.9710, 73.0175
1650. 72.9550, 73.0609
1651. 72.9389, 73.0609
1652. 72.9229, 73.0609
1653. 72.9069, 73.1043
1654. 72.8909, 73.1043
1655. 72.8749, 73.1043
1656. 72.8589, 73.1476
1657. 72.8428, 73.1476
1658. 72.8268, 73.1476
1659. 72.8108, 73.1910
1660. 72.7948, 73.1910
1661. 72.7788, 73.1910
1662. 72.7628, 73.2344
1663. 72.7467, 73.2344
1664. 72.7307, 73.2344
1665. 72.7147, 73.2344
1666. 72.6987, 73.2344
1667. 72.6827, 73.2344
1668. 72.6667, 73.2344
1669. 72.6507, 73.2344
1670. 72.6346, 73.2344
1671. 72.6186, 73.2344
1672. 72.6026, 73.2344
1673. 72.5866, 73.1910
1674. 72.5706, 73.1910
1675. 72.5546, 73.1910
1676. 72.5385, 73.1910
1677. 72.5225, 73.1910
1678. 72.5065, 73.2344
1679. 72.4905, 73.1910
1680. 72.4745, 73.1910
1681. 72.4585, 73.1910
1682. 72.4424, 73.1476
1683. 72.4264, 73.1476
1684. 72.4104, 73.1476
1685. 72.3944, 73.1476
1686. 72.3784, 73.1043
1687. 72.3624, 73.1043
1688. 72.3463, 73.1043
1689. 72.3303, 73.0609
1690. 72.3143, 73.0609
1691. 72.2983, 73.0609
1692. 72.2823, 73.0609
1693. 72.2663, 73.0175
1694. 72.2503, 73.0175
1695. 72.2342, 73.0175
1696. 72.2182, 72.9741
1697. 72.2022, 72.9741
1698. 72.1862, 72.9741
1699. 72.1702, 72.9741
1700. 72.1542, 72.9308
1701. 72.1381, 72.9308
1702. 72.1221, 72.9308
1703. 72.1061, 72.9308
1704. 72.0901, 72.8874
1705. 72.0741, 72.8874
1706. 72.0581, 72.8874
1707. 72.0420, 72.8440
1708. 72.0260, 72.8440
1709. 72.0100, 72.8440
1710. 71.9940, 72.8440
1711. 71.9780, 72.8007
1712. 71.9620, 72.8007
1713. 71.9459, 72.8007
1714. 71.9299, 72.7573
1715. 71.9139, 72.7573
1716. 71.8979, 72.7573
1717. 71.8819, 72.7573
1718. 71.8659, 72.7139
1719. 71.8498, 72.7139
1720. 71.8338, 72.7139
1721. 71.8178, 72.6706
1722. 71.8018, 72.6706
1723. 71.7858, 72.6706
1724. 71.7698, 72.6272
1725. 71.7538, 72.6272
1726. 71.7377, 72.5838
1727. 71.7217, 72.5838
1728. 71.7057, 72.5838
1729. 71.6897, 72.5405
1730. 71.6737, 72.5405
1731. 71.6577, 72.5405
1732. 71.6416, 72.4971
1733. 71.6256, 72.4971
1734. 71.6096, 72.4971
1735. 71.5936, 72.4537
1736. 71.5776, 72.4537
1737. 71.5616, 72.4103
1738. 71.5455, 72.4103
1739. 71.5295, 72.4103
1740. 71.5135, 72.3670
1741. 71.4975, 72.3670
1742. 71.4815, 72.3670
1743. 71.4655, 72.3236
1744. 71.4494, 72.3236
1745. 71.4334, 72.3236
1746. 71.4174, 72.2802
1747. 71.4014, 72.2802
1748. 71.3854, 72.2802
1749. 71.3694, 72.2802
1750. 71.3534, 72.2802
1751. 71.3373, 72.2802
1752. 71.3213, 72.2802
