=== Оптимальный маршрут (JULY): через индивидуальные порты ===

Длина: 2951.15 км
Время: 106.2 ч (4.4 дн)
Точек: 1426

Координаты маршрута:
1. 69.0470, 33.0309
2. 69.0631, 33.0742
3. 69.0791, 33.1176
4. 69.0791, 33.1610
5. 69.0791, 33.2043
6. 69.0951, 33.2477
7. 69.0951, 33.2911
8. 69.1111, 33.3344
9. 69.1271, 33.3778
10. 69.1431, 33.4212
11. 69.1592, 33.4646
12. 69.1752, 33.5079
13. 69.1912, 33.5513
14. 69.2072, 33.5513
15. 69.2232, 33.5513
16. 69.2392, 33.5513
17. 69.2553, 33.5513
18. 69.2713, 33.5513
19. 69.2873, 33.5513
20. 69.3033, 33.5513
21. 69.3193, 33.5513
22. 69.3353, 33.5947
23. 69.3353, 33.6380
24. 69.3353, 33.6814
25. 69.3514, 33.7248
26. 69.3353, 33.7681
27. 69.3353, 33.8115
28. 69.3514, 33.8549
29. 69.3514, 33.8982
30. 69.3674, 33.9416
31. 69.3834, 33.9850
32. 69.3994, 34.0284
33. 69.3994, 34.0717
34. 69.4154, 34.1151
35. 69.4154, 34.1585
36. 69.4154, 34.2018
37. 69.3994, 34.2452
38. 69.3994, 34.2886
39. 69.3834, 34.3319
40. 69.3674, 34.3753
41. 69.3514, 34.4187
42. 69.3353, 34.4621
43. 69.3193, 34.5054
44. 69.3033, 34.5488
45. 69.2873, 34.5922
46. 69.2713, 34.6355
47. 69.2553, 34.6789
48. 69.2553, 34.7223
49. 69.2553, 34.7656
50. 69.2553, 34.8090
51. 69.2392, 34.8524
52. 69.2392, 34.8957
53. 69.2392, 34.9391
54. 69.2232, 34.9825
55. 69.2392, 35.0259
56. 69.2553, 35.0692
57. 69.2713, 35.1126
58. 69.2873, 35.1560
59. 69.2873, 35.1993
60. 69.2873, 35.2427
61. 69.2873, 35.2861
62. 69.2873, 35.3294
63. 69.2713, 35.3728
64. 69.2713, 35.4162
65. 69.2553, 35.4595
66. 69.2553, 35.5029
67. 69.2553, 35.5463
68. 69.2392, 35.5897
69. 69.2392, 35.6330
70. 69.2232, 35.6764
71. 69.2232, 35.7198
72. 69.2072, 35.7631
73. 69.2072, 35.8065
74. 69.2072, 35.8499
75. 69.1912, 35.8932
76. 69.1912, 35.9366
77. 69.1752, 35.9800
78. 69.1592, 36.0234
79. 69.1431, 36.0667
80. 69.1431, 36.1101
81. 69.1271, 36.1535
82. 69.1271, 36.1968
83. 69.1271, 36.2402
84. 69.1111, 36.2836
85. 69.0951, 36.3269
86. 69.0791, 36.3703
87. 69.0631, 36.4137
88. 69.0470, 36.4570
89. 69.0470, 36.5004
90. 69.0310, 36.5438
91. 69.0150, 36.5872
92. 68.9990, 36.6305
93. 68.9990, 36.6739
94. 68.9830, 36.7173
95. 68.9670, 36.7606
96. 68.9510, 36.8040
97. 68.9510, 36.8474
98. 68.9349, 36.8907
99. 68.9189, 36.9341
100. 68.9189, 36.9775
101. 68.9029, 37.0209
102. 68.8869, 37.0642
103. 68.8709, 37.1076
104. 68.8549, 37.1510
105. 68.8549, 37.1943
106. 68.8388, 37.2377
107. 68.8228, 37.2811
108. 68.8068, 37.3244
109. 68.7908, 37.3678
110. 68.7748, 37.4112
111. 68.7588, 37.4545
112. 68.7427, 37.4979
113. 68.7427, 37.5413
114. 68.7427, 37.5847
115. 68.7267, 37.6280
116. 68.7267, 37.6714
117. 68.7107, 37.7148
118. 68.6947, 37.7581
119. 68.6787, 37.8015
120. 68.6627, 37.8449
121. 68.6466, 37.8882
122. 68.6306, 37.9316
123. 68.6146, 37.9750
124. 68.5986, 38.0183
125. 68.5826, 38.0617
126. 68.5666, 38.1051
127. 68.5506, 38.1485
128. 68.5345, 38.1918
129. 68.5185, 38.2352
130. 68.5025, 38.2786
131. 68.4865, 38.3219
132. 68.4705, 38.3653
133. 68.4545, 38.4087
134. 68.4384, 38.4520
135. 68.4224, 38.4954
136. 68.4064, 38.5388
137. 68.3904, 38.5822
138. 68.3904, 38.6255
139. 68.3904, 38.6689
140. 68.3744, 38.7123
141. 68.3584, 38.7556
142. 68.3423, 38.7990
143. 68.3263, 38.8424
144. 68.3263, 38.8857
145. 68.3103, 38.9291
146. 68.2943, 38.9725
147. 68.2783, 39.0158
148. 68.2623, 39.0592
149. 68.2462, 39.1026
150. 68.2302, 39.1460
151. 68.2142, 39.1893
152. 68.1982, 39.2327
153. 68.1822, 39.2761
154. 68.1822, 39.3194
155. 68.1822, 39.3628
156. 68.1822, 39.4062
157. 68.1822, 39.4495
158. 68.1822, 39.4929
159. 68.1822, 39.5363
160. 68.1822, 39.5796
161. 68.1822, 39.6230
162. 68.1822, 39.6664
163. 68.1822, 39.7098
164. 68.1822, 39.7531
165. 68.1662, 39.7965
166. 68.1502, 39.8399
167. 68.1341, 39.8832
168. 68.1181, 39.9266
169. 68.1021, 39.9266
170. 68.0861, 39.9700
171. 68.0701, 39.9700
172. 68.0541, 39.9700
173. 68.0380, 40.0133
174. 68.0220, 40.0567
175. 68.0060, 40.1001
176. 67.9900, 40.1001
177. 67.9740, 40.1435
178. 67.9580, 40.1868
179. 67.9419, 40.2302
180. 67.9259, 40.2736
181. 67.9099, 40.3169
182. 67.9099, 40.3603
183. 67.8939, 40.4037
184. 67.8779, 40.4470
185. 67.8619, 40.4470
186. 67.8458, 40.4037
187. 67.8298, 40.3603
188. 67.8138, 40.4037
189. 67.7978, 40.4470
190. 67.7978, 40.4904
191. 67.7978, 40.5338
192. 67.8138, 40.5771
193. 67.8138, 40.6205
194. 67.8138, 40.6639
195. 67.7978, 40.7073
196. 67.7818, 40.7073
197. 67.7658, 40.7506
198. 67.7497, 40.7940
199. 67.7497, 40.8374
200. 67.7497, 40.8807
201. 67.7497, 40.9241
202. 67.7337, 40.9675
203. 67.7177, 41.0108
204. 67.7017, 41.0108
205. 67.6857, 41.0542
206. 67.6697, 41.0542
207. 67.6537, 41.0542
208. 67.6376, 41.0542
209. 67.6216, 41.0542
210. 67.6056, 41.0542
211. 67.5896, 41.0542
212. 67.5736, 41.0108
213. 67.5576, 41.0108
214. 67.5415, 41.0108
215. 67.5255, 41.0542
216. 67.5095, 41.0108
217. 67.4935, 41.0108
218. 67.4775, 41.0542
219. 67.4615, 41.0976
220. 67.4454, 41.1410
221. 67.4294, 41.1410
222. 67.4134, 41.1843
223. 67.3974, 41.1410
224. 67.3814, 41.1410
225. 67.3654, 41.1410
226. 67.3493, 41.1410
227. 67.3333, 41.1410
228. 67.3173, 41.1410
229. 67.3013, 41.1410
230. 67.2853, 41.1410
231. 67.2693, 41.1410
232. 67.2533, 41.1410
233. 67.2372, 41.1843
234. 67.2372, 41.2277
235. 67.2372, 41.2711
236. 67.2372, 41.3144
237. 67.2212, 41.3578
238. 67.2052, 41.4012
239. 67.1892, 41.3578
240. 67.1732, 41.3578
241. 67.1572, 41.3578
242. 67.1411, 41.4012
243. 67.1251, 41.4012
244. 67.1091, 41.4012
245. 67.0931, 41.3578
246. 67.0771, 41.3578
247. 67.0611, 41.3578
248. 67.0450, 41.3578
249. 67.0290, 41.3578
250. 67.0130, 41.4012
251. 66.9970, 41.3578
252. 66.9810, 41.3144
253. 66.9650, 41.3144
254. 66.9489, 41.3144
255. 66.9329, 41.3144
256. 66.9169, 41.3144
257. 66.9009, 41.2711
258. 66.8849, 41.2711
259. 66.8689, 41.2711
260. 66.8529, 41.2277
261. 66.8368, 41.2277
262. 66.8208, 41.2277
263. 66.8048, 41.1843
264. 66.7888, 41.1843
265. 66.7728, 41.1410
266. 66.7568, 41.0976
267. 66.7407, 41.0542
268. 66.7247, 41.0108
269. 66.7087, 41.0108
270. 66.6927, 40.9675
271. 66.6767, 40.9675
272. 66.6607, 40.9241
273. 66.6446, 40.8807
274. 66.6286, 40.8374
275. 66.6126, 40.7940
276. 66.5966, 40.7506
277. 66.5806, 40.7506
278. 66.5646, 40.7506
279. 66.5485, 40.7506
280. 66.5325, 40.7506
281. 66.5165, 40.7073
282. 66.5005, 40.6639
283. 66.4845, 40.6205
284. 66.4685, 40.6205
285. 66.4525, 40.5771
286. 66.4364, 40.5338
287. 66.4204, 40.4904
288. 66.4044, 40.4470
289. 66.3884, 40.4037
290. 66.3724, 40.3603
291. 66.3564, 40.3169
292. 66.3403, 40.2736
293. 66.3243, 40.2302
294. 66.3083, 40.1868
295. 66.2923, 40.1435
296. 66.2763, 40.1001
297. 66.2603, 40.0567
298. 66.2442, 40.0133
299. 66.2282, 39.9700
300. 66.2122, 39.9700
301. 66.1962, 39.9700
302. 66.1802, 39.9700
303. 66.1642, 39.9700
304. 66.1481, 39.9700
305. 66.1321, 39.9700
306. 66.1161, 39.9700
307. 66.1001, 39.9700
308. 66.0841, 39.9700
309. 66.0681, 39.9700
310. 66.0521, 39.9700
311. 66.0360, 39.9700
312. 66.0200, 39.9700
313. 66.0040, 39.9700
314. 65.9880, 39.9700
315. 65.9720, 39.9700
316. 65.9560, 39.9700
317. 65.9399, 39.9700
318. 65.9239, 39.9700
319. 65.9079, 39.9700
320. 65.8919, 39.9700
321. 65.8759, 39.9700
322. 65.8599, 39.9700
323. 65.8438, 39.9700
324. 65.8278, 39.9700
325. 65.8118, 39.9700
326. 65.7958, 39.9700
327. 65.7798, 39.9700
328. 65.7638, 39.9700
329. 65.7477, 39.9266
330. 65.7317, 39.9266
331. 65.7157, 39.9266
332. 65.6997, 39.9266
333. 65.6837, 39.9266
334. 65.6677, 39.9266
335. 65.6517, 39.9266
336. 65.6356, 39.8832
337. 65.6196, 39.8399
338. 65.6036, 39.7965
339. 65.5876, 39.7965
340. 65.5716, 39.7531
341. 65.5556, 39.7531
342. 65.5395, 39.7098
343. 65.5235, 39.7098
344. 65.5075, 39.7098
345. 65.4915, 39.7098
346. 65.4755, 39.7098
347. 65.4595, 39.7098
348. 65.4434, 39.6664
349. 65.4274, 39.7098
350. 65.4114, 39.7098
351. 65.3954, 39.7098
352. 65.3794, 39.7098
353. 65.3634, 39.7098
354. 65.3473, 39.7098
355. 65.3313, 39.7531
356. 65.3153, 39.7531
357. 65.2993, 39.7965
358. 65.2833, 39.8399
359. 65.2673, 39.8399
360. 65.2513, 39.8399
361. 65.2352, 39.8832
362. 65.2192, 39.8832
363. 65.2032, 39.8832
364. 65.1872, 39.8832
365. 65.1712, 39.8832
366. 65.1552, 39.8832
367. 65.1391, 39.8832
368. 65.1231, 39.8832
369. 65.1071, 39.8832
370. 65.0911, 39.8832
371. 65.0751, 39.8832
372. 65.0591, 39.8832
373. 65.0430, 39.8832
374. 65.0270, 39.8832
375. 65.0110, 39.8832
376. 64.9950, 39.8832
377. 65.0110, 39.9266
378. 65.0270, 39.9700
379. 65.0430, 40.0133
380. 65.0591, 40.0567
381. 65.0751, 40.1001
382. 65.0911, 40.0567
383. 65.1071, 40.0567
384. 65.1231, 40.0133
385. 65.1391, 40.0133
386. 65.1552, 40.0133
387. 65.1712, 39.9700
388. 65.1872, 39.9700
389. 65.2032, 39.9266
390. 65.2192, 39.9266
391. 65.2352, 39.8832
392. 65.2513, 39.8832
393. 65.2673, 39.8832
394. 65.2833, 39.8399
395. 65.2993, 39.7965
396. 65.3153, 39.7531
397. 65.3313, 39.7531
398. 65.3473, 39.7098
399. 65.3634, 39.7098
400. 65.3794, 39.7098
401. 65.3954, 39.7098
402. 65.4114, 39.7098
403. 65.4274, 39.7098
404. 65.4434, 39.6664
405. 65.4595, 39.7098
406. 65.4755, 39.7098
407. 65.4915, 39.7098
408. 65.5075, 39.7098
409. 65.5235, 39.7098
410. 65.5395, 39.7098
411. 65.5556, 39.7531
412. 65.5716, 39.7531
413. 65.5876, 39.7965
414. 65.6036, 39.7965
415. 65.6196, 39.8399
416. 65.6356, 39.8832
417. 65.6517, 39.9266
418. 65.6677, 39.9700
419. 65.6837, 40.0133
420. 65.6997, 40.0567
421. 65.7157, 40.1001
422. 65.7317, 40.1435
423. 65.7477, 40.1868
424. 65.7638, 40.2302
425. 65.7798, 40.2736
426. 65.7958, 40.3169
427. 65.8118, 40.3603
428. 65.8278, 40.4037
429. 65.8438, 40.4470
430. 65.8599, 40.4904
431. 65.8759, 40.5338
432. 65.8919, 40.5771
433. 65.9079, 40.5771
434. 65.9239, 40.6205
435. 65.9399, 40.6205
436. 65.9560, 40.6639
437. 65.9720, 40.7073
438. 65.9880, 40.7506
439. 66.0040, 40.7940
440. 66.0200, 40.8374
441. 66.0360, 40.8807
442. 66.0521, 40.9241
443. 66.0681, 40.9675
444. 66.0841, 41.0108
445. 66.1001, 41.0542
446. 66.1161, 41.0976
447. 66.1321, 41.1410
448. 66.1481, 41.1843
449. 66.1642, 41.2277
450. 66.1802, 41.2711
451. 66.1962, 41.3144
452. 66.2122, 41.3578
453. 66.2282, 41.4012
454. 66.2442, 41.4445
455. 66.2603, 41.4879
456. 66.2763, 41.5313
457. 66.2923, 41.5746
458. 66.3083, 41.6180
459. 66.3243, 41.6614
460. 66.3403, 41.7048
461. 66.3564, 41.7481
462. 66.3724, 41.7915
463. 66.3884, 41.8349
464. 66.4044, 41.8782
465. 66.4204, 41.9216
466. 66.4364, 41.9650
467. 66.4525, 42.0083
468. 66.4685, 42.0517
469. 66.4845, 42.0951
470. 66.5005, 42.0951
471. 66.5165, 42.0951
472. 66.5325, 42.0951
473. 66.5485, 42.1384
474. 66.5646, 42.1384
475. 66.5806, 42.1384
476. 66.5966, 42.1818
477. 66.6126, 42.1818
478. 66.6286, 42.2252
479. 66.6446, 42.2252
480. 66.6607, 42.2252
481. 66.6767, 42.2686
482. 66.6927, 42.2686
483. 66.7087, 42.2686
484. 66.7247, 42.3119
485. 66.7407, 42.3119
486. 66.7568, 42.3553
487. 66.7728, 42.3553
488. 66.7888, 42.3553
489. 66.8048, 42.3987
490. 66.8208, 42.4420
491. 66.8368, 42.4854
492. 66.8529, 42.5288
493. 66.8689, 42.5721
494. 66.8849, 42.6155
495. 66.9009, 42.6589
496. 66.9169, 42.7023
497. 66.9329, 42.7456
498. 66.9489, 42.7890
499. 66.9650, 42.8324
500. 66.9810, 42.8757
501. 66.9970, 42.9191
502. 67.0130, 42.9625
503. 67.0290, 43.0058
504. 67.0450, 43.0492
505. 67.0611, 43.0926
506. 67.0771, 43.1359
507. 67.0931, 43.1793
508. 67.1091, 43.2227
509. 67.1251, 43.2661
510. 67.1411, 43.3094
511. 67.1572, 43.3528
512. 67.1732, 43.3962
513. 67.1892, 43.4395
514. 67.2052, 43.4829
515. 67.2212, 43.5263
516. 67.2372, 43.5696
517. 67.2533, 43.5696
518. 67.2693, 43.6130
519. 67.2853, 43.6130
520. 67.3013, 43.6130
521. 67.3173, 43.6130
522. 67.3333, 43.6564
523. 67.3493, 43.6564
524. 67.3654, 43.6564
525. 67.3814, 43.6564
526. 67.3974, 43.6997
527. 67.4134, 43.6997
528. 67.4294, 43.6997
529. 67.4454, 43.6997
530. 67.4615, 43.7431
531. 67.4775, 43.7431
532. 67.4935, 43.7431
533. 67.5095, 43.7431
534. 67.5255, 43.7865
535. 67.5415, 43.7865
536. 67.5576, 43.7865
537. 67.5736, 43.7865
538. 67.5896, 43.8299
539. 67.6056, 43.8299
540. 67.6216, 43.8299
541. 67.6376, 43.8299
542. 67.6537, 43.8732
543. 67.6697, 43.8732
544. 67.6857, 43.8732
545. 67.7017, 43.8732
546. 67.7177, 43.8732
547. 67.7337, 43.9166
548. 67.7497, 43.9166
549. 67.7658, 43.9166
550. 67.7818, 43.9166
551. 67.7978, 43.9600
552. 67.8138, 43.9600
553. 67.8298, 43.9600
554. 67.8458, 43.9600
555. 67.8619, 44.0033
556. 67.8779, 44.0033
557. 67.8939, 44.0033
558. 67.9099, 44.0033
559. 67.9259, 44.0467
560. 67.9419, 44.0467
561. 67.9580, 44.0467
562. 67.9740, 44.0467
563. 67.9900, 44.0467
564. 68.0060, 44.0467
565. 68.0220, 44.0467
566. 68.0380, 44.0467
567. 68.0541, 44.0467
568. 68.0701, 44.0467
569. 68.0861, 44.0467
570. 68.1021, 44.0467
571. 68.1181, 44.0467
572. 68.1341, 44.0467
573. 68.1502, 44.0467
574. 68.1662, 44.0467
575. 68.1822, 44.0033
576. 68.1982, 44.0033
577. 68.2142, 44.0033
578. 68.2302, 44.0033
579. 68.2462, 44.0033
580. 68.2623, 44.0033
581. 68.2783, 44.0033
582. 68.2943, 44.0033
583. 68.3103, 44.0033
584. 68.3263, 43.9600
585. 68.3423, 43.9166
586. 68.3584, 43.8732
587. 68.3744, 43.8299
588. 68.3904, 43.8299
589. 68.4064, 43.7865
590. 68.4224, 43.7431
591. 68.4384, 43.6997
592. 68.4545, 43.6564
593. 68.4705, 43.6130
594. 68.4865, 43.5696
595. 68.5025, 43.5263
596. 68.5185, 43.4829
597. 68.5345, 43.4395
598. 68.5506, 43.4395
599. 68.5666, 43.3962
600. 68.5826, 43.3528
601. 68.5986, 43.3094
602. 68.6146, 43.2661
603. 68.6306, 43.2227
604. 68.6466, 43.2227
605. 68.6627, 43.2661
606. 68.6787, 43.3094
607. 68.6947, 43.3094
608. 68.7107, 43.3528
609. 68.7267, 43.3962
610. 68.7427, 43.4395
611. 68.7588, 43.4829
612. 68.7748, 43.5263
613. 68.7908, 43.5696
614. 68.8068, 43.6130
615. 68.8228, 43.6564
616. 68.8388, 43.6997
617. 68.8549, 43.7431
618. 68.8709, 43.7865
619. 68.8869, 43.8299
620. 68.9029, 43.8732
621. 68.9189, 43.9166
622. 68.9349, 43.9600
623. 68.9510, 44.0033
624. 68.9670, 44.0467
625. 68.9830, 44.0901
626. 68.9990, 44.1334
627. 69.0150, 44.1768
628. 69.0310, 44.2202
629. 69.0470, 44.2636
630. 69.0631, 44.3069
631. 69.0791, 44.3503
632. 69.0951, 44.3937
633. 69.1111, 44.4370
634. 69.1271, 44.4804
635. 69.1431, 44.5238
636. 69.1592, 44.5671
637. 69.1752, 44.6105
638. 69.1912, 44.6539
639. 69.2072, 44.6972
640. 69.2232, 44.7406
641. 69.2392, 44.7840
642. 69.2553, 44.8274
643. 69.2713, 44.8707
644. 69.2873, 44.9141
645. 69.3033, 44.9575
646. 69.3193, 45.0008
647. 69.3353, 45.0442
648. 69.3514, 45.0876
649. 69.3674, 45.1309
650. 69.3834, 45.1743
651. 69.3994, 45.2177
652. 69.4154, 45.2611
653. 69.4314, 45.3044
654. 69.4474, 45.3478
655. 69.4635, 45.3912
656. 69.4795, 45.4345
657. 69.4955, 45.4779
658. 69.5115, 45.5213
659. 69.5275, 45.5646
660. 69.5435, 45.6080
661. 69.5596, 45.6514
662. 69.5756, 45.6947
663. 69.5916, 45.7381
664. 69.6076, 45.7815
665. 69.6236, 45.8249
666. 69.6396, 45.8682
667. 69.6557, 45.9116
668. 69.6717, 45.9550
669. 69.6877, 45.9983
670. 69.7037, 46.0417
671. 69.7197, 46.0851
672. 69.7357, 46.1284
673. 69.7518, 46.1718
674. 69.7678, 46.2152
675. 69.7838, 46.2585
676. 69.7998, 46.3019
677. 69.8158, 46.3453
678. 69.8318, 46.3887
679. 69.8478, 46.4320
680. 69.8639, 46.4754
681. 69.8799, 46.5188
682. 69.8959, 46.5621
683. 69.9119, 46.6055
684. 69.9279, 46.6489
685. 69.9439, 46.6922
686. 69.9600, 46.7356
687. 69.9760, 46.7790
688. 69.9920, 46.8224
689. 70.0080, 46.8657
690. 70.0240, 46.9091
691. 70.0400, 46.9525
692. 70.0561, 46.9958
693. 70.0721, 47.0392
694. 70.0881, 47.0826
695. 70.1041, 47.1259
696. 70.1201, 47.1693
697. 70.1361, 47.2127
698. 70.1522, 47.2560
699. 70.1682, 47.2994
700. 70.1842, 47.3428
701. 70.2002, 47.3862
702. 70.2162, 47.4295
703. 70.2322, 47.4729
704. 70.2482, 47.5163
705. 70.2643, 47.5596
706. 70.2803, 47.6030
707. 70.2963, 47.6464
708. 70.3123, 47.6897
709. 70.3283, 47.7331
710. 70.3443, 47.7765
711. 70.3604, 47.8198
712. 70.3764, 47.8632
713. 70.3924, 47.9066
714. 70.4084, 47.9500
715. 70.4244, 47.9933
716. 70.4404, 48.0367
717. 70.4565, 48.0801
718. 70.4725, 48.1234
719. 70.4885, 48.1668
720. 70.5045, 48.2102
721. 70.5205, 48.2535
722. 70.5365, 48.2969
723. 70.5526, 48.3403
724. 70.5686, 48.3837
725. 70.5846, 48.4270
726. 70.6006, 48.4704
727. 70.6166, 48.5138
728. 70.6326, 48.5571
729. 70.6486, 48.6005
730. 70.6486, 48.6439
731. 70.6486, 48.6872
732. 70.6486, 48.7306
733. 70.6486, 48.7740
734. 70.6486, 48.8173
735. 70.6486, 48.8607
736. 70.6486, 48.9041
737. 70.6486, 48.9475
738. 70.6486, 48.9908
739. 70.6486, 49.0342
740. 70.6486, 49.0776
741. 70.6486, 49.1209
742. 70.6486, 49.1643
743. 70.6486, 49.2077
744. 70.6486, 49.2510
745. 70.6486, 49.2944
746. 70.6486, 49.3378
747. 70.6486, 49.3812
748. 70.6486, 49.4245
749. 70.6486, 49.4679
750. 70.6486, 49.5113
751. 70.6486, 49.5546
752. 70.6486, 49.5980
753. 70.6486, 49.6414
754. 70.6486, 49.6847
755. 70.6486, 49.7281
756. 70.6486, 49.7715
757. 70.6486, 49.8148
758. 70.6486, 49.8582
759. 70.6647, 49.9016
760. 70.6647, 49.9450
761. 70.6647, 49.9883
762. 70.6647, 50.0317
763. 70.6647, 50.0751
764. 70.6647, 50.1184
765. 70.6647, 50.1618
766. 70.6647, 50.2052
767. 70.6647, 50.2485
768. 70.6647, 50.2919
769. 70.6647, 50.3353
770. 70.6647, 50.3786
771. 70.6647, 50.4220
772. 70.6647, 50.4654
773. 70.6647, 50.5088
774. 70.6647, 50.5521
775. 70.6647, 50.5955
776. 70.6647, 50.6389
777. 70.6647, 50.6822
778. 70.6647, 50.7256
779. 70.6647, 50.7690
780. 70.6647, 50.8123
781. 70.6647, 50.8557
782. 70.6647, 50.8991
783. 70.6647, 50.9425
784. 70.6647, 50.9858
785. 70.6647, 51.0292
786. 70.6647, 51.0726
787. 70.6647, 51.1159
788. 70.6647, 51.1593
789. 70.6647, 51.2027
790. 70.6647, 51.2460
791. 70.6647, 51.2894
792. 70.6647, 51.3328
793. 70.6647, 51.3761
794. 70.6807, 51.4195
795. 70.6807, 51.4629
796. 70.6807, 51.5063
797. 70.6807, 51.5496
798. 70.6807, 51.5930
799. 70.6807, 51.6364
800. 70.6807, 51.6797
801. 70.6807, 51.7231
802. 70.6807, 51.7665
803. 70.6807, 51.8098
804. 70.6807, 51.8532
805. 70.6807, 51.8966
806. 70.6807, 51.9399
807. 70.6807, 51.9833
808. 70.6807, 52.0267
809. 70.6807, 52.0701
810. 70.6807, 52.1134
811. 70.6807, 52.1568
812. 70.6807, 52.2002
813. 70.6807, 52.2435
814. 70.6807, 52.2869
815. 70.6807, 52.3303
816. 70.6807, 52.3736
817. 70.6807, 52.4170
818. 70.6807, 52.4604
819. 70.6807, 52.5038
820. 70.6807, 52.5471
821. 70.6807, 52.5905
822. 70.6807, 52.6339
823. 70.6807, 52.6772
824. 70.6807, 52.7206
825. 70.6807, 52.7640
826. 70.6807, 52.8073
827. 70.6807, 52.8507
828. 70.6807, 52.8941
829. 70.6807, 52.9374
830. 70.6967, 52.9808
831. 70.6967, 53.0242
832. 70.6967, 53.0676
833. 70.6967, 53.1109
834. 70.6967, 53.1543
835. 70.6967, 53.1977
836. 70.6967, 53.2410
837. 70.6967, 53.2844
838. 70.6967, 53.3278
839. 70.6967, 53.3711
840. 70.6967, 53.4145
841. 70.6967, 53.4579
842. 70.6967, 53.5013
843. 70.6967, 53.5446
844. 70.6967, 53.5880
845. 70.6967, 53.6314
846. 70.6967, 53.6747
847. 70.6967, 53.7181
848. 70.6967, 53.7615
849. 70.6967, 53.8048
850. 70.6967, 53.8482
851. 70.6967, 53.8916
852. 70.6967, 53.9349
853. 70.6967, 53.9783
854. 70.6967, 54.0217
855. 70.6967, 54.0651
856. 70.6967, 54.1084
857. 70.6967, 54.1518
858. 70.6967, 54.1952
859. 70.6967, 54.2385
860. 70.6967, 54.2819
861. 70.6967, 54.3253
862. 70.6967, 54.3686
863. 70.6967, 54.4120
864. 70.6967, 54.4554
865. 70.6967, 54.4987
866. 70.6967, 54.5421
867. 70.7127, 54.5855
868. 70.7127, 54.6289
869. 70.7127, 54.6722
870. 70.6967, 54.7156
871. 70.6807, 54.7590
872. 70.6647, 54.8023
873. 70.6486, 54.8457
874. 70.6486, 54.8891
875. 70.6326, 54.9324
876. 70.6166, 54.9758
877. 70.6006, 55.0192
878. 70.5846, 55.0626
879. 70.5686, 55.1059
880. 70.5526, 55.1493
881. 70.5526, 55.1927
882. 70.5686, 55.2360
883. 70.5846, 55.2794
884. 70.6006, 55.3228
885. 70.6166, 55.3661
886. 70.6326, 55.4095
887. 70.6486, 55.4529
888. 70.6647, 55.4962
889. 70.6807, 55.5396
890. 70.6967, 55.5830
891. 70.6807, 55.6264
892. 70.6647, 55.6697
893. 70.6486, 55.6697
894. 70.6326, 55.6697
895. 70.6166, 55.6697
896. 70.6006, 55.7131
897. 70.6006, 55.7565
898. 70.6006, 55.7998
899. 70.6006, 55.8432
900. 70.5846, 55.8866
901. 70.5846, 55.9299
902. 70.5846, 55.9733
903. 70.5686, 56.0167
904. 70.5846, 56.0601
905. 70.6006, 56.1034
906. 70.5846, 56.1468
907. 70.6006, 56.1902
908. 70.6166, 56.2335
909. 70.6006, 56.2769
910. 70.6006, 56.3203
911. 70.5846, 56.3636
912. 70.5846, 56.4070
913. 70.5686, 56.4504
914. 70.5526, 56.4504
915. 70.5365, 56.4937
916. 70.5365, 56.5371
917. 70.5526, 56.5805
918. 70.5686, 56.6239
919. 70.5846, 56.6672
920. 70.6006, 56.7106
921. 70.6166, 56.7540
922. 70.6166, 56.7973
923. 70.6166, 56.8407
924. 70.6166, 56.8841
925. 70.6006, 56.9274
926. 70.6006, 56.9708
927. 70.6006, 57.0142
928. 70.5846, 57.0575
929. 70.5846, 57.1009
930. 70.5846, 57.1443
931. 70.5686, 57.1877
932. 70.5686, 57.2310
933. 70.5526, 57.2744
934. 70.5526, 57.3178
935. 70.5686, 57.3611
936. 70.5846, 57.4045
937. 70.6006, 57.4479
938. 70.6166, 57.4912
939. 70.6326, 57.5346
940. 70.6486, 57.5780
941. 70.6647, 57.6214
942. 70.6807, 57.6647
943. 70.6967, 57.7081
944. 70.7127, 57.7515
945. 70.7287, 57.7948
946. 70.7447, 57.8382
947. 70.7447, 57.8816
948. 70.7447, 57.9249
949. 70.7447, 57.9683
950. 70.7447, 58.0117
951. 70.7447, 58.0550
952. 70.7447, 58.0984
953. 70.7447, 58.1418
954. 70.7447, 58.1852
955. 70.7447, 58.2285
956. 70.7447, 58.2719
957. 70.7447, 58.3153
958. 70.7447, 58.3586
959. 70.7447, 58.4020
960. 70.7447, 58.4454
961. 70.7447, 58.4887
962. 70.7447, 58.5321
963. 70.7447, 58.5755
964. 70.7447, 58.6188
965. 70.7447, 58.6622
966. 70.7447, 58.7056
967. 70.7447, 58.7490
968. 70.7447, 58.7923
969. 70.7447, 58.8357
970. 70.7447, 58.8791
971. 70.7447, 58.9224
972. 70.7447, 58.9658
973. 70.7608, 59.0092
974. 70.7608, 59.0525
975. 70.7608, 59.0959
976. 70.7608, 59.1393
977. 70.7608, 59.1827
978. 70.7608, 59.2260
979. 70.7608, 59.2694
980. 70.7608, 59.3128
981. 70.7608, 59.3561
982. 70.7608, 59.3995
983. 70.7608, 59.4429
984. 70.7608, 59.4862
985. 70.7608, 59.5296
986. 70.7608, 59.5730
987. 70.7608, 59.6163
988. 70.7608, 59.6597
989. 70.7608, 59.7031
990. 70.7608, 59.7465
991. 70.7608, 59.7898
992. 70.7608, 59.8332
993. 70.7608, 59.8766
994. 70.7608, 59.9199
995. 70.7608, 59.9633
996. 70.7608, 60.0067
997. 70.7608, 60.0500
998. 70.7608, 60.0934
999. 70.7608, 60.1368
1000. 70.7608, 60.1802
1001. 70.7608, 60.2235
1002. 70.7608, 60.2669
1003. 70.7608, 60.3103
1004. 70.7608, 60.3536
1005. 70.7608, 60.3970
1006. 70.7608, 60.4404
1007. 70.7608, 60.4837
1008. 70.7768, 60.5271
1009. 70.7768, 60.5705
1010. 70.7768, 60.6138
1011. 70.7768, 60.6572
1012. 70.7768, 60.7006
1013. 70.7768, 60.7440
1014. 70.7768, 60.7873
1015. 70.7768, 60.8307
1016. 70.7768, 60.8741
1017. 70.7768, 60.9174
1018. 70.7768, 60.9608
1019. 70.7768, 61.0042
1020. 70.7768, 61.0475
1021. 70.7768, 61.0909
1022. 70.7768, 61.1343
1023. 70.7768, 61.1776
1024. 70.7768, 61.2210
1025. 70.7768, 61.2644
1026. 70.7768, 61.3078
1027. 70.7768, 61.3511
1028. 70.7768, 61.3945
1029. 70.7768, 61.4379
1030. 70.7768, 61.4812
1031. 70.7768, 61.5246
1032. 70.7768, 61.5680
1033. 70.7768, 61.6113
1034. 70.7768, 61.6547
1035. 70.7768, 61.6981
1036. 70.7768, 61.7415
1037. 70.7768, 61.7848
1038. 70.7768, 61.8282
1039. 70.7928, 61.8716
1040. 70.7928, 61.9149
1041. 70.7928, 61.9583
1042. 70.7928, 62.0017
1043. 70.7928, 62.0450
1044. 70.7928, 62.0884
1045. 70.7928, 62.1318
1046. 70.7928, 62.1751
1047. 70.7928, 62.2185
1048. 70.8088, 62.2619
1049. 70.8088, 62.3053
1050. 70.8088, 62.3486
1051. 70.8088, 62.3920
1052. 70.7928, 62.4354
1053. 70.7928, 62.4787
1054. 70.7928, 62.5221
1055. 70.7928, 62.5655
1056. 70.7928, 62.6088
1057. 70.7928, 62.6522
1058. 70.7928, 62.6956
1059. 70.7928, 62.7389
1060. 70.7928, 62.7823
1061. 70.8088, 62.8257
1062. 70.8248, 62.8691
1063. 70.8408, 62.9124
1064. 70.8569, 62.9558
1065. 70.8729, 62.9992
1066. 70.8889, 63.0425
1067. 70.9049, 63.0859
1068. 70.9209, 63.1293
1069. 70.9369, 63.1726
1070. 70.9530, 63.2160
1071. 70.9690, 63.2594
1072. 70.9850, 63.3028
1073. 71.0010, 63.3461
1074. 71.0170, 63.3895
1075. 71.0330, 63.4329
1076. 71.0490, 63.4762
1077. 71.0651, 63.5196
1078. 71.0811, 63.5630
1079. 71.0971, 63.6063
1080. 71.1131, 63.6497
1081. 71.1291, 63.6931
1082. 71.1451, 63.7364
1083. 71.1612, 63.7798
1084. 71.1772, 63.8232
1085. 71.1932, 63.8666
1086. 71.2092, 63.9099
1087. 71.2252, 63.9533
1088. 71.2412, 63.9967
1089. 71.2573, 64.0400
1090. 71.2733, 64.0834
1091. 71.2893, 64.1268
1092. 71.3053, 64.1701
1093. 71.3213, 64.2135
1094. 71.3373, 64.2569
1095. 71.3534, 64.3003
1096. 71.3694, 64.3436
1097. 71.3854, 64.3870
1098. 71.4014, 64.4304
1099. 71.4174, 64.4737
1100. 71.4334, 64.5171
1101. 71.4494, 64.5605
1102. 71.4655, 64.6038
1103. 71.4815, 64.6472
1104. 71.4975, 64.6906
1105. 71.5135, 64.7339
1106. 71.5295, 64.7773
1107. 71.5455, 64.8207
1108. 71.5616, 64.8641
1109. 71.5776, 64.9074
1110. 71.5936, 64.9508
1111. 71.6096, 64.9942
1112. 71.6256, 65.0375
1113. 71.6416, 65.0809
1114. 71.6577, 65.1243
1115. 71.6737, 65.1676
1116. 71.6897, 65.2110
1117. 71.7057, 65.2544
1118. 71.7217, 65.2977
1119. 71.7377, 65.3411
1120. 71.7538, 65.3845
1121. 71.7698, 65.4279
1122. 71.7858, 65.4712
1123. 71.8018, 65.5146
1124. 71.8178, 65.5580
1125. 71.8338, 65.6013
1126. 71.8498, 65.6447
1127. 71.8659, 65.6881
1128. 71.8819, 65.7314
1129. 71.8979, 65.7748
1130. 71.9139, 65.8182
1131. 71.9299, 65.8616
1132. 71.9459, 65.9049
1133. 71.9620, 65.9483
1134. 71.9780, 65.9917
1135. 71.9940, 66.0350
1136. 72.0100, 66.0784
1137. 72.0260, 66.1218
1138. 72.0420, 66.1651
1139. 72.0581, 66.2085
1140. 72.0741, 66.2519
1141. 72.0901, 66.2952
1142. 72.1061, 66.3386
1143. 72.1221, 66.3820
1144. 72.1381, 66.4254
1145. 72.1542, 66.4687
1146. 72.1702, 66.5121
1147. 72.1862, 66.5555
1148. 72.2022, 66.5988
1149. 72.2182, 66.6422
1150. 72.2342, 66.6856
1151. 72.2503, 66.7289
1152. 72.2663, 66.7723
1153. 72.2823, 66.8157
1154. 72.2983, 66.8590
1155. 72.3143, 66.9024
1156. 72.3303, 66.9458
1157. 72.3463, 66.9892
1158. 72.3624, 67.0325
1159. 72.3784, 67.0759
1160. 72.3944, 67.1193
1161. 72.4104, 67.1626
1162. 72.4264, 67.2060
1163. 72.4424, 67.2494
1164. 72.4585, 67.2927
1165. 72.4745, 67.3361
1166. 72.4745, 67.3795
1167. 72.4745, 67.4229
1168. 72.4745, 67.4662
1169. 72.4745, 67.5096
1170. 72.4745, 67.5530
1171. 72.4745, 67.5963
1172. 72.4745, 67.6397
1173. 72.4745, 67.6831
1174. 72.4745, 67.7264
1175. 72.4745, 67.7698
1176. 72.4745, 67.8132
1177. 72.4745, 67.8565
1178. 72.4745, 67.8999
1179. 72.4745, 67.9433
1180. 72.4745, 67.9867
1181. 72.4745, 68.0300
1182. 72.4745, 68.0734
1183. 72.4745, 68.1168
1184. 72.4745, 68.1601
1185. 72.4905, 68.2035
1186. 72.4905, 68.2469
1187. 72.4905, 68.2902
1188. 72.4905, 68.3336
1189. 72.4905, 68.3770
1190. 72.4905, 68.4204
1191. 72.4905, 68.4637
1192. 72.4905, 68.5071
1193. 72.4905, 68.5505
1194. 72.4905, 68.5938
1195. 72.4905, 68.6372
1196. 72.4905, 68.6806
1197. 72.4905, 68.7239
1198. 72.4905, 68.7673
1199. 72.4905, 68.8107
1200. 72.4905, 68.8540
1201. 72.4905, 68.8974
1202. 72.5065, 68.8540
1203. 72.5225, 68.8540
1204. 72.5385, 68.8540
1205. 72.5546, 68.8540
1206. 72.5706, 68.8540
1207. 72.5866, 68.8540
1208. 72.6026, 68.8540
1209. 72.6186, 68.8540
1210. 72.6346, 68.8540
1211. 72.6507, 68.8540
1212. 72.6667, 68.8540
1213. 72.6827, 68.8540
1214. 72.6987, 68.8540
1215. 72.7147, 68.8540
1216. 72.7307, 68.8540
1217. 72.7467, 68.8540
1218. 72.7628, 68.8540
1219. 72.7788, 68.8540
1220. 72.7948, 68.8540
1221. 72.8108, 68.8540
1222. 72.8268, 68.8540
1223. 72.8428, 68.8540
1224. 72.8589, 68.8540
1225. 72.8749, 68.8540
1226. 72.8909, 68.8540
1227. 72.9069, 68.8540
1228. 72.9229, 68.8540
1229. 72.9389, 68.8540
1230. 72.9550, 68.8540
1231. 72.9710, 68.8540
1232. 72.9870, 68.8540
1233. 73.0030, 68.8540
1234. 73.0190, 68.8974
1235. 73.0350, 68.9408
1236. 73.0511, 68.9842
1237. 73.0671, 69.0275
1238. 73.0831, 69.0709
1239. 73.0991, 69.1143
1240. 73.1151, 69.1576
1241. 73.1311, 69.2010
1242. 73.1471, 69.2444
1243. 73.1632, 69.2877
1244. 73.1792, 69.3311
1245. 73.1952, 69.3745
1246. 73.2112, 69.4178
1247. 73.2272, 69.4612
1248. 73.2432, 69.5046
1249. 73.2593, 69.5480
1250. 73.2753, 69.5913
1251. 73.2913, 69.6347
1252. 73.3073, 69.6781
1253. 73.3233, 69.7214
1254. 73.3393, 69.7648
1255. 73.3554, 69.8082
1256. 73.3714, 69.8515
1257. 73.3874, 69.8949
1258. 73.4034, 69.9383
1259. 73.4194, 69.9817
1260. 73.4354, 70.0250
1261. 73.4515, 70.0684
1262. 73.4515, 70.1118
1263. 73.4515, 70.1551
1264. 73.4515, 70.1985
1265. 73.4675, 70.2419
1266. 73.4675, 70.2852
1267. 73.4835, 70.3286
1268. 73.4835, 70.3720
1269. 73.4995, 70.4153
1270. 73.4995, 70.4587
1271. 73.4995, 70.5021
1272. 73.4835, 70.5455
1273. 73.4995, 70.5888
1274. 73.4995, 70.6322
1275. 73.5155, 70.6756
1276. 73.5155, 70.7189
1277. 73.5155, 70.7623
1278. 73.5155, 70.8057
1279. 73.5155, 70.8490
1280. 73.5155, 70.8924
1281. 73.5315, 70.9358
1282. 73.5155, 70.9791
1283. 73.5155, 71.0225
1284. 73.4995, 71.0659
1285. 73.4995, 71.1093
1286. 73.4835, 71.1526
1287. 73.4835, 71.1960
1288. 73.4675, 71.2394
1289. 73.4515, 71.2827
1290. 73.4354, 71.3261
1291. 73.4194, 71.3695
1292. 73.4034, 71.4128
1293. 73.3874, 71.4562
1294. 73.3714, 71.4996
1295. 73.3554, 71.5430
1296. 73.3393, 71.5863
1297. 73.3233, 71.6297
1298. 73.3073, 71.6731
1299. 73.2913, 71.7164
1300. 73.2753, 71.7598
1301. 73.2593, 71.8032
1302. 73.2432, 71.8465
1303. 73.2272, 71.8899
1304. 73.2112, 71.9333
1305. 73.1952, 71.9766
1306. 73.1792, 72.0200
1307. 73.1632, 72.0634
1308. 73.1471, 72.1068
1309. 73.1311, 72.1501
1310. 73.1151, 72.1935
1311. 73.0991, 72.1935
1312. 73.0831, 72.1935
1313. 73.0671, 72.1935
1314. 73.0511, 72.1935
1315. 73.0350, 72.1935
1316. 73.0190, 72.1935
1317. 73.0030, 72.1935
1318. 72.9870, 72.1935
1319. 72.9710, 72.1935
1320. 72.9550, 72.1935
1321. 72.9389, 72.1935
1322. 72.9229, 72.1935
1323. 72.9069, 72.1935
1324. 72.8909, 72.1935
1325. 72.8749, 72.2369
1326. 72.8589, 72.2802
1327. 72.8428, 72.3236
1328. 72.8428, 72.3670
1329. 72.8268, 72.4103
1330. 72.8108, 72.4537
1331. 72.8108, 72.4971
1332. 72.7948, 72.5405
1333. 72.7788, 72.5838
1334. 72.7788, 72.6272
1335. 72.7628, 72.6706
1336. 72.7467, 72.7139
1337. 72.7467, 72.7573
1338. 72.7307, 72.8007
1339. 72.7147, 72.8440
1340. 72.6987, 72.8007
1341. 72.6827, 72.7573
1342. 72.6667, 72.8007
1343. 72.6507, 72.8440
1344. 72.6346, 72.8007
1345. 72.6186, 72.7573
1346. 72.6026, 72.7573
1347. 72.5866, 72.7573
1348. 72.5706, 72.7573
1349. 72.5546, 72.8007
1350. 72.5385, 72.8007
1351. 72.5225, 72.8440
1352. 72.5065, 72.8440
1353. 72.4905, 72.8440
1354. 72.4745, 72.8007
1355. 72.4585, 72.8007
1356. 72.4424, 72.8007
1357. 72.4264, 72.8007
1358. 72.4104, 72.8007
1359. 72.3944, 72.8440
1360. 72.3784, 72.8440
1361. 72.3624, 72.8440
1362. 72.3463, 72.8440
1363. 72.3303, 72.8874
1364. 72.3143, 72.8874
1365. 72.2983, 72.8874
1366. 72.2823, 72.8874
1367. 72.2663, 72.8874
1368. 72.2503, 72.8440
1369. 72.2342, 72.8007
1370. 72.2182, 72.8007
1371. 72.2022, 72.7573
1372. 72.1862, 72.7573
1373. 72.1702, 72.7573
1374. 72.1542, 72.7573
1375. 72.1381, 72.7573
1376. 72.1221, 72.7573
1377. 72.1061, 72.7139
1378. 72.0901, 72.6706
1379. 72.0741, 72.6272
1380. 72.0581, 72.6272
1381. 72.0420, 72.5838
1382. 72.0260, 72.5838
1383. 72.0100, 72.5838
1384. 71.9940, 72.5838
1385. 71.9780, 72.5838
1386. 71.9620, 72.5838
1387. 71.9459, 72.5838
1388. 71.9299, 72.5405
1389. 71.9139, 72.5405
1390. 71.8979, 72.4971
1391. 71.8819, 72.4537
1392. 71.8659, 72.4103
1393. 71.8498, 72.3670
1394. 71.8338, 72.3670
1395. 71.8178, 72.3236
1396. 71.8018, 72.3670
1397. 71.7858, 72.3670
1398. 71.7698, 72.3670
1399. 71.7538, 72.3670
1400. 71.7377, 72.3670
1401. 71.7217, 72.3670
1402. 71.7057, 72.3670
1403. 71.6897, 72.3236
1404. 71.6737, 72.2802
1405. 71.6577, 72.2802
1406. 71.6416, 72.2802
1407. 71.6256, 72.2802
1408. 71.6096, 72.2802
1409. 71.5936, 72.2802
1410. 71.5776, 72.2802
1411. 71.5616, 72.2802
1412. 71.5455, 72.2802
1413. 71.5295, 72.2802
1414. 71.5135, 72.2802
1415. 71.4975, 72.2802
1416. 71.4815, 72.2802
1417. 71.4655, 72.2802
1418. 71.4494, 72.2802
1419. 71.4334, 72.2802
1420. 71.4174, 72.2802
1421. 71.4014, 72.2802
1422. 71.3854, 72.2802
1423. 71.3694, 72.2802
1424. 71.3534, 72.2802
1425. 71.3373, 72.2802
1426. 71.3213, 72.2802
