=== Оптимальный маршрут: Мурманск → Архангельск → на море ===

Длина: 2471.20 км
Время: 89.0 ч (3.7 дн)
Точек: 1607

Координаты маршрута:
1. 69.0360, 33.0442
2. 69.0470, 33.0442
3. 69.0581, 33.0442
4. 69.0691, 33.0792
5. 69.0801, 33.1143
6. 69.0801, 33.1493
7. 69.0801, 33.1843
8. 69.0801, 33.2193
9. 69.0911, 33.2544
10. 69.1021, 33.2894
11. 69.1131, 33.3244
12. 69.1241, 33.3595
13. 69.1351, 33.3595
14. 69.1461, 33.3945
15. 69.1572, 33.4295
16. 69.1682, 33.4646
17. 69.1792, 33.4996
18. 69.1902, 33.5346
19. 69.2012, 33.5346
20. 69.2122, 33.5696
21. 69.2232, 33.5696
22. 69.2342, 33.5346
23. 69.2452, 33.5346
24. 69.2563, 33.5346
25. 69.2673, 33.5346
26. 69.2783, 33.5346
27. 69.2893, 33.5346
28. 69.3003, 33.5346
29. 69.3113, 33.5346
30. 69.3223, 33.5696
31. 69.3333, 33.6047
32. 69.3333, 33.6397
33. 69.3333, 33.6747
34. 69.3443, 33.7098
35. 69.3333, 33.7448
36. 69.3443, 33.7798
37. 69.3554, 33.8148
38. 69.3664, 33.8499
39. 69.3774, 33.8849
40. 69.3884, 33.9199
41. 69.3994, 33.9550
42. 69.3994, 33.9900
43. 69.3994, 34.0250
44. 69.3994, 34.0601
45. 69.4104, 34.0951
46. 69.4104, 34.1301
47. 69.4104, 34.1651
48. 69.4104, 34.2002
49. 69.4104, 34.2352
50. 69.3994, 34.2702
51. 69.3994, 34.3053
52. 69.3994, 34.3403
53. 69.3994, 34.3753
54. 69.3994, 34.4103
55. 69.3994, 34.4454
56. 69.3884, 34.4804
57. 69.3774, 34.5154
58. 69.3664, 34.5505
59. 69.3554, 34.5855
60. 69.3443, 34.6205
61. 69.3333, 34.6555
62. 69.3223, 34.6906
63. 69.3113, 34.7256
64. 69.3003, 34.7606
65. 69.2893, 34.7957
66. 69.2783, 34.8307
67. 69.2673, 34.8657
68. 69.2563, 34.9008
69. 69.2452, 34.9358
70. 69.2342, 34.9708
71. 69.2342, 35.0058
72. 69.2452, 35.0409
73. 69.2563, 35.0759
74. 69.2673, 35.1109
75. 69.2783, 35.1460
76. 69.2893, 35.1810
77. 69.2783, 35.2160
78. 69.2783, 35.2510
79. 69.2783, 35.2861
80. 69.2783, 35.3211
81. 69.2783, 35.3561
82. 69.2673, 35.3912
83. 69.2673, 35.4262
84. 69.2563, 35.4612
85. 69.2563, 35.4962
86. 69.2452, 35.5313
87. 69.2452, 35.5663
88. 69.2342, 35.6013
89. 69.2342, 35.6364
90. 69.2232, 35.6714
91. 69.2232, 35.7064
92. 69.2122, 35.7415
93. 69.2122, 35.7765
94. 69.2012, 35.8115
95. 69.2012, 35.8465
96. 69.2012, 35.8816
97. 69.1902, 35.9166
98. 69.1792, 35.9516
99. 69.1792, 35.9867
100. 69.1682, 36.0217
101. 69.1572, 36.0567
102. 69.1461, 36.0917
103. 69.1351, 36.1268
104. 69.1241, 36.1618
105. 69.1241, 36.1968
106. 69.1241, 36.2319
107. 69.1131, 36.2669
108. 69.1021, 36.3019
109. 69.0911, 36.3369
110. 69.0801, 36.3720
111. 69.0691, 36.4070
112. 69.0581, 36.4420
113. 69.0470, 36.4771
114. 69.0360, 36.5121
115. 69.0250, 36.5471
116. 69.0140, 36.5822
117. 69.0030, 36.6172
118. 69.0030, 36.6522
119. 68.9920, 36.6872
120. 68.9810, 36.7223
121. 68.9700, 36.7573
122. 68.9590, 36.7923
123. 68.9479, 36.8274
124. 68.9479, 36.8624
125. 68.9369, 36.8974
126. 68.9259, 36.9324
127. 68.9149, 36.9675
128. 68.9039, 37.0025
129. 68.8929, 37.0375
130. 68.8819, 37.0726
131. 68.8709, 37.1076
132. 68.8599, 37.1426
133. 68.8599, 37.1776
134. 68.8488, 37.2127
135. 68.8378, 37.2477
136. 68.8268, 37.2827
137. 68.8158, 37.2827
138. 68.8048, 37.3178
139. 68.7938, 37.3528
140. 68.7828, 37.3878
141. 68.7718, 37.4229
142. 68.7608, 37.4579
143. 68.7497, 37.4929
144. 68.7387, 37.5279
145. 68.7387, 37.5630
146. 68.7277, 37.5980
147. 68.7277, 37.6330
148. 68.7167, 37.6681
149. 68.7057, 37.7031
150. 68.6947, 37.7381
151. 68.6837, 37.7731
152. 68.6727, 37.8082
153. 68.6617, 37.8432
154. 68.6507, 37.8782
155. 68.6396, 37.9133
156. 68.6286, 37.9483
157. 68.6176, 37.9833
158. 68.6066, 38.0183
159. 68.5956, 38.0534
160. 68.5846, 38.0884
161. 68.5736, 38.1234
162. 68.5626, 38.1585
163. 68.5516, 38.1935
164. 68.5405, 38.2285
165. 68.5295, 38.2636
166. 68.5185, 38.2986
167. 68.5075, 38.3336
168. 68.4965, 38.3686
169. 68.4855, 38.4037
170. 68.4745, 38.4387
171. 68.4635, 38.4737
172. 68.4525, 38.5088
173. 68.4414, 38.5438
174. 68.4304, 38.5788
175. 68.4194, 38.6138
176. 68.4084, 38.6489
177. 68.3974, 38.6839
178. 68.3864, 38.7189
179. 68.3754, 38.7540
180. 68.3644, 38.7890
181. 68.3534, 38.8240
182. 68.3423, 38.8590
183. 68.3313, 38.8941
184. 68.3203, 38.9291
185. 68.3093, 38.9641
186. 68.2983, 38.9992
187. 68.2873, 39.0342
188. 68.2763, 39.0692
189. 68.2653, 39.1043
190. 68.2543, 39.1393
191. 68.2432, 39.1743
192. 68.2322, 39.2093
193. 68.2212, 39.2444
194. 68.2102, 39.2794
195. 68.1992, 39.3144
196. 68.1882, 39.3495
197. 68.1772, 39.3845
198. 68.1772, 39.4195
199. 68.1772, 39.4545
200. 68.1772, 39.4896
201. 68.1772, 39.5246
202. 68.1772, 39.5596
203. 68.1772, 39.5947
204. 68.1772, 39.6297
205. 68.1772, 39.6647
206. 68.1772, 39.6997
207. 68.1772, 39.7348
208. 68.1772, 39.7698
209. 68.1662, 39.8048
210. 68.1552, 39.8399
211. 68.1441, 39.8399
212. 68.1331, 39.8749
213. 68.1331, 39.9099
214. 68.1221, 39.9450
215. 68.1111, 39.9450
216. 68.1001, 39.9450
217. 68.0891, 39.9450
218. 68.0781, 39.9450
219. 68.0671, 39.9450
220. 68.0561, 39.9800
221. 68.0450, 39.9800
222. 68.0340, 40.0150
223. 68.0230, 40.0150
224. 68.0120, 40.0500
225. 68.0010, 40.0851
226. 67.9900, 40.1201
227. 67.9790, 40.1201
228. 67.9680, 40.1551
229. 67.9570, 40.1551
230. 67.9459, 40.1902
231. 67.9349, 40.2252
232. 67.9349, 40.2602
233. 67.9239, 40.2952
234. 67.9129, 40.3303
235. 67.9019, 40.3653
236. 67.8909, 40.4003
237. 67.8799, 40.4354
238. 67.8689, 40.4354
239. 67.8579, 40.4354
240. 67.8468, 40.4003
241. 67.8358, 40.3653
242. 67.8248, 40.3653
243. 67.8138, 40.3653
244. 67.8028, 40.4003
245. 67.8028, 40.4354
246. 67.8028, 40.4704
247. 67.8028, 40.5054
248. 67.8028, 40.5405
249. 67.8138, 40.5755
250. 67.8138, 40.6105
251. 67.8138, 40.6455
252. 67.8028, 40.6806
253. 67.7918, 40.6806
254. 67.7808, 40.7156
255. 67.7698, 40.7156
256. 67.7588, 40.7506
257. 67.7477, 40.7857
258. 67.7367, 40.8207
259. 67.7367, 40.8557
260. 67.7367, 40.8907
261. 67.7367, 40.9258
262. 67.7367, 40.9608
263. 67.7257, 40.9958
264. 67.7147, 40.9958
265. 67.7037, 41.0309
266. 67.6927, 41.0309
267. 67.6817, 41.0659
268. 67.6707, 41.0659
269. 67.6597, 41.0659
270. 67.6486, 41.0659
271. 67.6376, 41.0659
272. 67.6266, 41.0659
273. 67.6156, 41.0659
274. 67.6046, 41.0659
275. 67.5936, 41.0309
276. 67.5826, 41.0309
277. 67.5716, 41.0309
278. 67.5606, 40.9958
279. 67.5495, 41.0309
280. 67.5385, 41.0309
281. 67.5275, 41.0309
282. 67.5165, 41.0309
283. 67.5055, 41.0309
284. 67.4945, 41.0309
285. 67.4835, 41.0309
286. 67.4725, 41.0659
287. 67.4615, 41.1009
288. 67.4505, 41.1359
289. 67.4394, 41.1359
290. 67.4284, 41.1710
291. 67.4174, 41.1710
292. 67.4064, 41.1710
293. 67.3954, 41.1710
294. 67.3844, 41.1710
295. 67.3734, 41.1710
296. 67.3624, 41.1710
297. 67.3514, 41.1710
298. 67.3403, 41.1710
299. 67.3293, 41.1359
300. 67.3183, 41.1359
301. 67.3073, 41.1359
302. 67.2963, 41.1359
303. 67.2853, 41.1359
304. 67.2743, 41.1359
305. 67.2633, 41.1359
306. 67.2523, 41.1359
307. 67.2412, 41.1710
308. 67.2412, 41.2060
309. 67.2412, 41.2410
310. 67.2412, 41.2761
311. 67.2412, 41.3111
312. 67.2302, 41.3461
313. 67.2192, 41.3812
314. 67.2082, 41.3812
315. 67.1972, 41.3812
316. 67.1862, 41.3812
317. 67.1752, 41.3461
318. 67.1642, 41.3461
319. 67.1532, 41.3461
320. 67.1421, 41.3812
321. 67.1311, 41.4162
322. 67.1201, 41.4162
323. 67.1091, 41.4162
324. 67.0981, 41.3812
325. 67.0871, 41.3461
326. 67.0761, 41.3461
327. 67.0651, 41.3461
328. 67.0541, 41.3461
329. 67.0430, 41.3461
330. 67.0320, 41.3812
331. 67.0210, 41.3812
332. 67.0100, 41.3812
333. 66.9990, 41.3461
334. 66.9880, 41.3111
335. 66.9770, 41.3111
336. 66.9660, 41.3111
337. 66.9550, 41.3111
338. 66.9439, 41.3111
339. 66.9329, 41.3111
340. 66.9219, 41.3111
341. 66.9109, 41.3111
342. 66.8999, 41.2761
343. 66.8889, 41.2761
344. 66.8779, 41.2761
345. 66.8669, 41.2410
346. 66.8559, 41.2410
347. 66.8448, 41.2410
348. 66.8338, 41.2060
349. 66.8228, 41.2060
350. 66.8118, 41.2060
351. 66.8008, 41.1710
352. 66.7898, 41.1710
353. 66.7788, 41.1359
354. 66.7678, 41.1009
355. 66.7568, 41.1009
356. 66.7457, 41.0659
357. 66.7347, 41.0309
358. 66.7237, 41.0309
359. 66.7127, 40.9958
360. 66.7017, 40.9958
361. 66.6907, 40.9608
362. 66.6797, 40.9608
363. 66.6687, 40.9258
364. 66.6577, 40.8907
365. 66.6466, 40.8557
366. 66.6356, 40.8557
367. 66.6246, 40.8207
368. 66.6136, 40.8207
369. 66.6026, 40.7857
370. 66.5916, 40.7506
371. 66.5806, 40.7506
372. 66.5696, 40.7506
373. 66.5586, 40.7506
374. 66.5475, 40.7506
375. 66.5365, 40.7156
376. 66.5255, 40.7156
377. 66.5145, 40.6806
378. 66.5035, 40.6455
379. 66.4925, 40.6105
380. 66.4815, 40.6105
381. 66.4705, 40.6105
382. 66.4595, 40.5755
383. 66.4484, 40.5405
384. 66.4374, 40.5054
385. 66.4264, 40.5054
386. 66.4154, 40.4704
387. 66.4044, 40.4704
388. 66.3934, 40.4354
389. 66.3824, 40.4003
390. 66.3714, 40.3653
391. 66.3604, 40.3303
392. 66.3493, 40.2952
393. 66.3383, 40.2602
394. 66.3273, 40.2252
395. 66.3163, 40.1902
396. 66.3053, 40.1551
397. 66.2943, 40.1201
398. 66.2833, 40.0851
399. 66.2723, 40.0500
400. 66.2613, 40.0150
401. 66.2503, 39.9800
402. 66.2392, 39.9450
403. 66.2282, 39.9450
404. 66.2172, 39.9450
405. 66.2062, 39.9450
406. 66.1952, 39.9450
407. 66.1842, 39.9099
408. 66.1732, 39.9099
409. 66.1622, 39.9099
410. 66.1512, 39.9099
411. 66.1401, 39.9099
412. 66.1291, 39.9099
413. 66.1181, 39.9099
414. 66.1071, 39.9099
415. 66.0961, 39.9099
416. 66.0851, 39.9099
417. 66.0741, 39.9099
418. 66.0631, 39.9099
419. 66.0521, 39.9099
420. 66.0410, 39.9099
421. 66.0300, 39.9099
422. 66.0190, 39.9099
423. 66.0080, 39.9099
424. 65.9970, 39.9099
425. 65.9860, 39.9099
426. 65.9750, 39.9099
427. 65.9640, 39.9099
428. 65.9530, 39.9099
429. 65.9419, 39.9099
430. 65.9309, 39.9099
431. 65.9199, 39.9099
432. 65.9089, 39.9099
433. 65.8979, 39.9099
434. 65.8869, 39.9099
435. 65.8759, 39.9099
436. 65.8649, 39.9099
437. 65.8539, 39.9099
438. 65.8428, 39.9099
439. 65.8318, 39.9099
440. 65.8208, 39.9099
441. 65.8098, 39.9099
442. 65.7988, 39.9099
443. 65.7878, 39.9099
444. 65.7768, 39.9099
445. 65.7658, 39.9099
446. 65.7548, 39.8749
447. 65.7437, 39.8749
448. 65.7327, 39.8749
449. 65.7217, 39.8749
450. 65.7107, 39.8749
451. 65.6997, 39.8749
452. 65.6887, 39.8749
453. 65.6777, 39.8749
454. 65.6667, 39.8749
455. 65.6557, 39.8749
456. 65.6446, 39.8749
457. 65.6336, 39.8749
458. 65.6226, 39.8749
459. 65.6116, 39.8399
460. 65.6006, 39.8048
461. 65.5896, 39.7698
462. 65.5786, 39.7698
463. 65.5676, 39.7698
464. 65.5566, 39.7348
465. 65.5455, 39.7348
466. 65.5345, 39.7348
467. 65.5235, 39.6997
468. 65.5125, 39.6997
469. 65.5015, 39.6997
470. 65.4905, 39.6997
471. 65.4795, 39.6997
472. 65.4685, 39.6997
473. 65.4575, 39.6997
474. 65.4464, 39.6997
475. 65.4354, 39.6997
476. 65.4244, 39.6997
477. 65.4134, 39.6997
478. 65.4024, 39.6997
479. 65.3914, 39.6997
480. 65.3804, 39.6997
481. 65.3694, 39.6997
482. 65.3584, 39.7348
483. 65.3473, 39.7348
484. 65.3363, 39.7348
485. 65.3253, 39.7698
486. 65.3143, 39.7698
487. 65.3033, 39.7698
488. 65.2923, 39.7698
489. 65.2813, 39.7698
490. 65.2703, 39.7698
491. 65.2593, 39.7698
492. 65.2482, 39.7698
493. 65.2372, 39.7698
494. 65.2262, 39.7698
495. 65.2152, 39.7698
496. 65.2042, 39.7698
497. 65.1932, 39.7698
498. 65.1822, 39.7698
499. 65.1712, 39.7698
500. 65.1602, 39.7698
501. 65.1491, 39.7698
502. 65.1381, 39.7698
503. 65.1271, 39.7698
504. 65.1161, 39.7698
505. 65.1051, 39.7698
506. 65.0941, 39.7698
507. 65.0831, 39.7698
508. 65.0721, 39.7698
509. 65.0611, 39.7698
510. 65.0501, 39.7698
511. 65.0390, 39.7698
512. 65.0280, 39.7698
513. 65.0170, 39.7698
514. 65.0060, 39.7698
515. 64.9950, 39.7698
516. 64.9840, 39.7698
517. 64.9730, 39.8048
518. 64.9620, 39.8048
519. 64.9510, 39.8048
520. 64.9399, 39.8048
521. 64.9289, 39.8048
522. 64.9179, 39.8048
523. 64.9069, 39.8048
524. 64.8959, 39.8048
525. 64.8849, 39.8048
526. 64.8739, 39.8048
527. 64.8629, 39.8048
528. 64.8519, 39.8048
529. 64.8408, 39.8048
530. 64.8298, 39.8048
531. 64.8188, 39.8048
532. 64.8078, 39.8048
533. 64.7968, 39.8048
534. 64.8078, 39.8399
535. 64.8188, 39.8749
536. 64.8298, 39.9099
537. 64.8408, 39.9450
538. 64.8519, 39.9800
539. 64.8629, 40.0150
540. 64.8739, 40.0500
541. 64.8849, 40.0851
542. 64.8959, 40.1201
543. 64.9069, 40.1551
544. 64.9179, 40.1902
545. 64.9289, 40.2252
546. 64.9399, 40.2602
547. 64.9510, 40.2952
548. 64.9620, 40.3303
549. 64.9730, 40.2952
550. 64.9840, 40.2952
551. 64.9950, 40.2602
552. 65.0060, 40.2602
553. 65.0170, 40.2602
554. 65.0280, 40.2252
555. 65.0390, 40.1902
556. 65.0501, 40.1551
557. 65.0611, 40.1201
558. 65.0721, 40.0851
559. 65.0831, 40.0851
560. 65.0941, 40.0851
561. 65.1051, 40.0500
562. 65.1161, 40.0500
563. 65.1271, 40.0500
564. 65.1381, 40.0150
565. 65.1491, 40.0150
566. 65.1602, 39.9800
567. 65.1712, 39.9800
568. 65.1822, 39.9800
569. 65.1932, 39.9450
570. 65.2042, 39.9450
571. 65.2152, 39.9450
572. 65.2262, 39.9099
573. 65.2372, 39.9099
574. 65.2482, 39.8749
575. 65.2593, 39.8749
576. 65.2703, 39.8749
577. 65.2813, 39.8399
578. 65.2923, 39.8399
579. 65.3033, 39.8048
580. 65.3143, 39.7698
581. 65.3253, 39.7698
582. 65.3363, 39.7348
583. 65.3473, 39.7348
584. 65.3584, 39.7348
585. 65.3694, 39.6997
586. 65.3804, 39.6997
587. 65.3914, 39.6997
588. 65.4024, 39.6997
589. 65.4134, 39.6997
590. 65.4244, 39.6997
591. 65.4354, 39.6997
592. 65.4464, 39.6997
593. 65.4575, 39.6997
594. 65.4685, 39.6997
595. 65.4795, 39.6997
596. 65.4905, 39.6997
597. 65.5015, 39.6997
598. 65.5125, 39.6997
599. 65.5235, 39.6997
600. 65.5345, 39.7348
601. 65.5455, 39.7348
602. 65.5566, 39.7348
603. 65.5676, 39.7698
604. 65.5786, 39.7698
605. 65.5896, 39.7698
606. 65.6006, 39.8048
607. 65.6116, 39.8399
608. 65.6226, 39.8749
609. 65.6336, 39.8749
610. 65.6446, 39.9099
611. 65.6557, 39.9450
612. 65.6667, 39.9800
613. 65.6777, 40.0150
614. 65.6887, 40.0500
615. 65.6997, 40.0851
616. 65.7107, 40.1201
617. 65.7217, 40.1551
618. 65.7327, 40.1902
619. 65.7437, 40.2252
620. 65.7548, 40.2602
621. 65.7658, 40.2952
622. 65.7768, 40.3303
623. 65.7878, 40.3653
624. 65.7988, 40.4003
625. 65.8098, 40.4354
626. 65.8208, 40.4704
627. 65.8318, 40.4704
628. 65.8428, 40.5054
629. 65.8539, 40.5054
630. 65.8649, 40.5405
631. 65.8759, 40.5405
632. 65.8869, 40.5405
633. 65.8979, 40.5755
634. 65.9089, 40.5755
635. 65.9199, 40.6105
636. 65.9309, 40.6105
637. 65.9419, 40.6455
638. 65.9530, 40.6455
639. 65.9640, 40.6806
640. 65.9750, 40.7156
641. 65.9860, 40.7506
642. 65.9970, 40.7857
643. 66.0080, 40.8207
644. 66.0190, 40.8557
645. 66.0300, 40.8907
646. 66.0410, 40.9258
647. 66.0521, 40.9608
648. 66.0631, 40.9958
649. 66.0741, 41.0309
650. 66.0851, 41.0659
651. 66.0961, 41.1009
652. 66.1071, 41.1359
653. 66.1181, 41.1710
654. 66.1291, 41.2060
655. 66.1401, 41.2410
656. 66.1512, 41.2761
657. 66.1622, 41.3111
658. 66.1732, 41.3461
659. 66.1842, 41.3812
660. 66.1952, 41.4162
661. 66.2062, 41.4512
662. 66.2172, 41.4862
663. 66.2282, 41.5213
664. 66.2392, 41.5563
665. 66.2503, 41.5913
666. 66.2613, 41.6264
667. 66.2723, 41.6614
668. 66.2833, 41.6964
669. 66.2943, 41.7314
670. 66.3053, 41.7665
671. 66.3163, 41.8015
672. 66.3273, 41.8365
673. 66.3383, 41.8716
674. 66.3493, 41.9066
675. 66.3604, 41.9416
676. 66.3714, 41.9416
677. 66.3824, 41.9766
678. 66.3934, 41.9766
679. 66.4044, 41.9766
680. 66.4154, 42.0117
681. 66.4264, 42.0117
682. 66.4374, 42.0467
683. 66.4484, 42.0467
684. 66.4595, 42.0467
685. 66.4705, 42.0817
686. 66.4815, 42.0817
687. 66.4925, 42.0817
688. 66.5035, 42.1168
689. 66.5145, 42.1168
690. 66.5255, 42.1518
691. 66.5365, 42.1868
692. 66.5475, 42.2219
693. 66.5586, 42.2219
694. 66.5696, 42.2219
695. 66.5806, 42.2219
696. 66.5916, 42.2219
697. 66.6026, 42.2569
698. 66.6136, 42.2919
699. 66.6246, 42.3269
700. 66.6356, 42.3620
701. 66.6466, 42.3970
702. 66.6577, 42.4320
703. 66.6687, 42.4320
704. 66.6797, 42.4320
705. 66.6907, 42.4320
706. 66.7017, 42.4320
707. 66.7127, 42.4320
708. 66.7237, 42.4320
709. 66.7347, 42.4320
710. 66.7457, 42.3970
711. 66.7568, 42.4320
712. 66.7678, 42.4320
713. 66.7788, 42.4320
714. 66.7898, 42.4320
715. 66.8008, 42.4320
716. 66.8118, 42.4671
717. 66.8228, 42.5021
718. 66.8338, 42.5371
719. 66.8448, 42.5721
720. 66.8559, 42.6072
721. 66.8669, 42.6422
722. 66.8779, 42.6772
723. 66.8889, 42.7123
724. 66.8999, 42.7473
725. 66.9109, 42.7823
726. 66.9219, 42.8173
727. 66.9329, 42.8524
728. 66.9439, 42.8874
729. 66.9550, 42.9224
730. 66.9660, 42.9575
731. 66.9770, 42.9575
732. 66.9880, 42.9575
733. 66.9990, 42.9575
734. 67.0100, 42.9575
735. 67.0210, 42.9575
736. 67.0320, 42.9575
737. 67.0430, 42.9575
738. 67.0541, 42.9575
739. 67.0651, 42.9575
740. 67.0761, 42.9925
741. 67.0871, 43.0275
742. 67.0981, 43.0626
743. 67.1091, 43.0976
744. 67.1201, 43.1326
745. 67.1311, 43.1676
746. 67.1421, 43.2027
747. 67.1532, 43.2377
748. 67.1642, 43.2727
749. 67.1752, 43.3078
750. 67.1862, 43.3428
751. 67.1972, 43.3778
752. 67.2082, 43.4128
753. 67.2192, 43.4479
754. 67.2302, 43.4829
755. 67.2412, 43.5179
756. 67.2523, 43.5530
757. 67.2633, 43.5880
758. 67.2743, 43.6230
759. 67.2853, 43.6580
760. 67.2963, 43.6931
761. 67.3073, 43.7281
762. 67.3183, 43.7631
763. 67.3293, 43.7631
764. 67.3403, 43.7631
765. 67.3514, 43.7982
766. 67.3624, 43.7982
767. 67.3734, 43.7982
768. 67.3844, 43.7982
769. 67.3954, 43.8332
770. 67.4064, 43.8332
771. 67.4174, 43.8332
772. 67.4284, 43.8332
773. 67.4394, 43.8682
774. 67.4505, 43.8682
775. 67.4615, 43.8682
776. 67.4725, 43.9033
777. 67.4835, 43.9033
778. 67.4945, 43.9033
779. 67.5055, 43.9033
780. 67.5165, 43.9383
781. 67.5275, 43.9383
782. 67.5385, 43.9383
783. 67.5495, 43.9733
784. 67.5606, 43.9733
785. 67.5716, 43.9733
786. 67.5826, 43.9733
787. 67.5936, 44.0083
788. 67.6046, 44.0083
789. 67.6156, 44.0083
790. 67.6266, 44.0083
791. 67.6376, 44.0083
792. 67.6486, 44.0083
793. 67.6597, 44.0083
794. 67.6707, 44.0083
795. 67.6817, 44.0434
796. 67.6927, 44.0784
797. 67.7037, 44.0784
798. 67.7147, 44.0434
799. 67.7257, 44.0434
800. 67.7367, 44.0784
801. 67.7477, 44.0784
802. 67.7588, 44.0784
803. 67.7698, 44.1134
804. 67.7808, 44.1134
805. 67.7918, 44.1134
806. 67.8028, 44.1134
807. 67.8138, 44.1134
808. 67.8248, 44.1134
809. 67.8358, 44.0784
810. 67.8468, 44.0784
811. 67.8579, 44.0784
812. 67.8689, 44.0784
813. 67.8799, 44.0784
814. 67.8909, 44.0784
815. 67.9019, 44.1134
816. 67.9129, 44.1485
817. 67.9239, 44.1485
818. 67.9349, 44.1134
819. 67.9459, 44.1134
820. 67.9570, 44.1134
821. 67.9680, 44.1134
822. 67.9790, 44.1134
823. 67.9900, 44.1485
824. 68.0010, 44.1134
825. 68.0120, 44.1485
826. 68.0230, 44.1835
827. 68.0340, 44.1835
828. 68.0450, 44.1485
829. 68.0561, 44.1485
830. 68.0671, 44.1485
831. 68.0781, 44.1485
832. 68.0891, 44.1485
833. 68.1001, 44.1485
834. 68.1111, 44.1835
835. 68.1221, 44.1835
836. 68.1331, 44.1835
837. 68.1441, 44.1835
838. 68.1552, 44.1835
839. 68.1662, 44.1835
840. 68.1772, 44.1835
841. 68.1882, 44.1835
842. 68.1992, 44.2185
843. 68.2102, 44.2185
844. 68.2212, 44.2185
845. 68.2322, 44.2185
846. 68.2432, 44.2185
847. 68.2543, 44.2185
848. 68.2653, 44.2185
849. 68.2763, 44.2185
850. 68.2873, 44.2185
851. 68.2983, 44.2185
852. 68.3093, 44.1835
853. 68.3203, 44.1835
854. 68.3313, 44.1485
855. 68.3423, 44.1134
856. 68.3534, 44.0784
857. 68.3644, 44.0434
858. 68.3754, 44.0083
859. 68.3864, 44.0083
860. 68.3974, 43.9733
861. 68.4084, 43.9383
862. 68.4194, 43.9033
863. 68.4304, 43.8682
864. 68.4414, 43.8332
865. 68.4525, 43.7982
866. 68.4635, 43.7631
867. 68.4745, 43.7281
868. 68.4855, 43.6931
869. 68.4965, 43.6580
870. 68.5075, 43.6230
871. 68.5185, 43.5880
872. 68.5295, 43.5530
873. 68.5405, 43.5179
874. 68.5516, 43.4829
875. 68.5626, 43.4479
876. 68.5736, 43.4128
877. 68.5846, 43.4128
878. 68.5956, 43.3778
879. 68.6066, 43.3428
880. 68.6176, 43.3078
881. 68.6286, 43.2727
882. 68.6396, 43.2727
883. 68.6507, 43.2727
884. 68.6617, 43.2727
885. 68.6727, 43.3078
886. 68.6837, 43.3428
887. 68.6947, 43.3778
888. 68.7057, 43.4128
889. 68.7167, 43.4479
890. 68.7277, 43.4829
891. 68.7387, 43.5179
892. 68.7497, 43.5530
893. 68.7608, 43.5880
894. 68.7718, 43.6230
895. 68.7828, 43.6580
896. 68.7938, 43.6931
897. 68.8048, 43.7281
898. 68.8158, 43.7631
899. 68.8268, 43.7982
900. 68.8378, 43.8332
901. 68.8488, 43.8682
902. 68.8599, 43.9033
903. 68.8709, 43.9383
904. 68.8819, 43.9733
905. 68.8929, 44.0083
906. 68.9039, 44.0434
907. 68.9149, 44.0784
908. 68.9259, 44.1134
909. 68.9369, 44.1485
910. 68.9479, 44.1835
911. 68.9590, 44.2185
912. 68.9700, 44.2535
913. 68.9810, 44.2886
914. 68.9920, 44.3236
915. 69.0030, 44.3586
916. 69.0140, 44.3937
917. 69.0250, 44.4287
918. 69.0360, 44.4637
919. 69.0470, 44.4987
920. 69.0581, 44.5338
921. 69.0691, 44.5688
922. 69.0801, 44.6038
923. 69.0911, 44.6389
924. 69.1021, 44.6739
925. 69.1131, 44.7089
926. 69.1241, 44.7440
927. 69.1351, 44.7790
928. 69.1461, 44.8140
929. 69.1572, 44.8490
930. 69.1682, 44.8841
931. 69.1792, 44.9191
932. 69.1902, 44.9541
933. 69.2012, 44.9892
934. 69.2122, 45.0242
935. 69.2232, 45.0592
936. 69.2342, 45.0942
937. 69.2452, 45.1293
938. 69.2563, 45.1643
939. 69.2673, 45.1993
940. 69.2783, 45.2344
941. 69.2893, 45.2694
942. 69.3003, 45.3044
943. 69.3003, 45.3394
944. 69.3003, 45.3745
945. 69.3003, 45.4095
946. 69.3003, 45.4445
947. 69.3003, 45.4796
948. 69.3003, 45.5146
949. 69.3003, 45.5496
950. 69.3003, 45.5847
951. 69.3003, 45.6197
952. 69.3003, 45.6547
953. 69.3003, 45.6897
954. 69.3003, 45.7248
955. 69.3003, 45.7598
956. 69.3113, 45.7948
957. 69.3113, 45.8299
958. 69.3113, 45.8649
959. 69.3113, 45.8999
960. 69.3113, 45.9349
961. 69.3113, 45.9700
962. 69.3113, 46.0050
963. 69.3113, 46.0400
964. 69.3113, 46.0751
965. 69.3113, 46.1101
966. 69.3113, 46.1451
967. 69.3113, 46.1802
968. 69.3113, 46.2152
969. 69.3113, 46.2502
970. 69.3113, 46.2852
971. 69.3113, 46.3203
972. 69.3113, 46.3553
973. 69.3113, 46.3903
974. 69.3113, 46.4254
975. 69.3113, 46.4604
976. 69.3113, 46.4954
977. 69.3113, 46.5304
978. 69.3113, 46.5655
979. 69.3113, 46.6005
980. 69.3113, 46.6355
981. 69.3113, 46.6706
982. 69.3113, 46.7056
983. 69.3113, 46.7406
984. 69.3113, 46.7756
985. 69.3113, 46.8107
986. 69.3113, 46.8457
987. 69.3113, 46.8807
988. 69.3113, 46.9158
989. 69.3113, 46.9508
990. 69.3113, 46.9858
991. 69.3113, 47.0209
992. 69.3113, 47.0559
993. 69.3113, 47.0909
994. 69.3113, 47.1259
995. 69.3113, 47.1610
996. 69.3113, 47.1960
997. 69.3113, 47.2310
998. 69.3113, 47.2661
999. 69.3113, 47.3011
1000. 69.3113, 47.3361
1001. 69.3113, 47.3711
1002. 69.3113, 47.4062
1003. 69.3113, 47.4412
1004. 69.3113, 47.4762
1005. 69.3113, 47.5113
1006. 69.3113, 47.5463
1007. 69.3113, 47.5813
1008. 69.3113, 47.6163
1009. 69.3113, 47.6514
1010. 69.3113, 47.6864
1011. 69.3113, 47.7214
1012. 69.3113, 47.7565
1013. 69.3113, 47.7915
1014. 69.3113, 47.8265
1015. 69.3223, 47.8616
1016. 69.3223, 47.8966
1017. 69.3223, 47.9316
1018. 69.3223, 47.9666
1019. 69.3223, 48.0017
1020. 69.3223, 48.0367
1021. 69.3223, 48.0717
1022. 69.3223, 48.1068
1023. 69.3223, 48.1418
1024. 69.3223, 48.1768
1025. 69.3223, 48.2118
1026. 69.3223, 48.2469
1027. 69.3223, 48.2819
1028. 69.3223, 48.3169
1029. 69.3223, 48.3520
1030. 69.3333, 48.3870
1031. 69.3443, 48.3870
1032. 69.3554, 48.3870
1033. 69.3664, 48.4220
1034. 69.3774, 48.4570
1035. 69.3884, 48.4921
1036. 69.3994, 48.5271
1037. 69.4104, 48.5271
1038. 69.4214, 48.5621
1039. 69.4324, 48.5972
1040. 69.4434, 48.6322
1041. 69.4545, 48.6672
1042. 69.4655, 48.7023
1043. 69.4765, 48.7373
1044. 69.4875, 48.7723
1045. 69.4985, 48.8073
1046. 69.5095, 48.8424
1047. 69.5095, 48.8774
1048. 69.5095, 48.9124
1049. 69.5205, 48.9475
1050. 69.5205, 48.9825
1051. 69.5205, 49.0175
1052. 69.5205, 49.0525
1053. 69.5205, 49.0876
1054. 69.5205, 49.1226
1055. 69.5205, 49.1576
1056. 69.5205, 49.1927
1057. 69.5205, 49.2277
1058. 69.5095, 49.2627
1059. 69.5095, 49.2977
1060. 69.4985, 49.3328
1061. 69.4985, 49.3678
1062. 69.4985, 49.4028
1063. 69.4985, 49.4379
1064. 69.4985, 49.4729
1065. 69.4985, 49.5079
1066. 69.4985, 49.5430
1067. 69.4985, 49.5780
1068. 69.4985, 49.6130
1069. 69.4985, 49.6480
1070. 69.4985, 49.6831
1071. 69.4985, 49.7181
1072. 69.4985, 49.7531
1073. 69.4985, 49.7882
1074. 69.4985, 49.8232
1075. 69.4985, 49.8582
1076. 69.4985, 49.8932
1077. 69.4985, 49.9283
1078. 69.4985, 49.9633
1079. 69.4985, 49.9983
1080. 69.4985, 50.0334
1081. 69.4875, 50.0684
1082. 69.4875, 50.1034
1083. 69.4875, 50.1384
1084. 69.4875, 50.1735
1085. 69.4875, 50.2085
1086. 69.4875, 50.2435
1087. 69.4875, 50.2786
1088. 69.4875, 50.3136
1089. 69.4875, 50.3486
1090. 69.4875, 50.3837
1091. 69.4875, 50.4187
1092. 69.4875, 50.4537
1093. 69.4875, 50.4887
1094. 69.4875, 50.5238
1095. 69.4875, 50.5588
1096. 69.4875, 50.5938
1097. 69.4875, 50.6289
1098. 69.4875, 50.6639
1099. 69.4875, 50.6989
1100. 69.4875, 50.7339
1101. 69.4875, 50.7690
1102. 69.4875, 50.8040
1103. 69.4875, 50.8390
1104. 69.4875, 50.8741
1105. 69.4875, 50.9091
1106. 69.4875, 50.9441
1107. 69.4875, 50.9791
1108. 69.4875, 51.0142
1109. 69.4875, 51.0492
1110. 69.4875, 51.0842
1111. 69.4875, 51.1193
1112. 69.4875, 51.1543
1113. 69.4875, 51.1893
1114. 69.4875, 51.2244
1115. 69.4875, 51.2594
1116. 69.4875, 51.2944
1117. 69.4875, 51.3294
1118. 69.4875, 51.3645
1119. 69.4875, 51.3995
1120. 69.4875, 51.4345
1121. 69.4875, 51.4696
1122. 69.4875, 51.5046
1123. 69.4875, 51.5396
1124. 69.4875, 51.5746
1125. 69.4875, 51.6097
1126. 69.4875, 51.6447
1127. 69.4875, 51.6797
1128. 69.4875, 51.7148
1129. 69.4875, 51.7498
1130. 69.4875, 51.7848
1131. 69.4875, 51.8198
1132. 69.4875, 51.8549
1133. 69.4875, 51.8899
1134. 69.4875, 51.9249
1135. 69.4875, 51.9600
1136. 69.4875, 51.9950
1137. 69.4875, 52.0300
1138. 69.4875, 52.0651
1139. 69.4875, 52.1001
1140. 69.4875, 52.1351
1141. 69.4765, 52.1701
1142. 69.4765, 52.2052
1143. 69.4765, 52.2402
1144. 69.4765, 52.2752
1145. 69.4765, 52.3103
1146. 69.4765, 52.3453
1147. 69.4765, 52.3803
1148. 69.4765, 52.4153
1149. 69.4765, 52.4504
1150. 69.4765, 52.4854
1151. 69.4765, 52.5204
1152. 69.4765, 52.5555
1153. 69.4765, 52.5905
1154. 69.4765, 52.6255
1155. 69.4765, 52.6606
1156. 69.4765, 52.6956
1157. 69.4765, 52.7306
1158. 69.4765, 52.7656
1159. 69.4765, 52.8007
1160. 69.4765, 52.8357
1161. 69.4765, 52.8707
1162. 69.4765, 52.9058
1163. 69.4765, 52.9408
1164. 69.4765, 52.9758
1165. 69.4765, 53.0108
1166. 69.4765, 53.0459
1167. 69.4765, 53.0809
1168. 69.4765, 53.1159
1169. 69.4765, 53.1510
1170. 69.4765, 53.1860
1171. 69.4765, 53.2210
1172. 69.4765, 53.2560
1173. 69.4765, 53.2911
1174. 69.4765, 53.3261
1175. 69.4765, 53.3611
1176. 69.4765, 53.3962
1177. 69.4765, 53.4312
1178. 69.4765, 53.4662
1179. 69.4765, 53.5013
1180. 69.4765, 53.5363
1181. 69.4765, 53.5713
1182. 69.4765, 53.6063
1183. 69.4765, 53.6414
1184. 69.4765, 53.6764
1185. 69.4765, 53.7114
1186. 69.4765, 53.7465
1187. 69.4765, 53.7815
1188. 69.4765, 53.8165
1189. 69.4765, 53.8515
1190. 69.4765, 53.8866
1191. 69.4765, 53.9216
1192. 69.4765, 53.9566
1193. 69.4765, 53.9917
1194. 69.4765, 54.0267
1195. 69.4765, 54.0617
1196. 69.4765, 54.0967
1197. 69.4765, 54.1318
1198. 69.4765, 54.1668
1199. 69.4765, 54.2018
1200. 69.4655, 54.2369
1201. 69.4655, 54.2719
1202. 69.4655, 54.3069
1203. 69.4655, 54.3420
1204. 69.4655, 54.3770
1205. 69.4655, 54.4120
1206. 69.4655, 54.4470
1207. 69.4655, 54.4821
1208. 69.4655, 54.5171
1209. 69.4655, 54.5521
1210. 69.4655, 54.5872
1211. 69.4655, 54.6222
1212. 69.4655, 54.6572
1213. 69.4655, 54.6922
1214. 69.4655, 54.7273
1215. 69.4655, 54.7623
1216. 69.4655, 54.7973
1217. 69.4655, 54.8324
1218. 69.4655, 54.8674
1219. 69.4655, 54.9024
1220. 69.4655, 54.9374
1221. 69.4655, 54.9725
1222. 69.4655, 55.0075
1223. 69.4655, 55.0425
1224. 69.4655, 55.0776
1225. 69.4655, 55.1126
1226. 69.4655, 55.1476
1227. 69.4655, 55.1827
1228. 69.4655, 55.2177
1229. 69.4655, 55.2527
1230. 69.4655, 55.2877
1231. 69.4655, 55.3228
1232. 69.4655, 55.3578
1233. 69.4655, 55.3928
1234. 69.4655, 55.4279
1235. 69.4655, 55.4629
1236. 69.4655, 55.4979
1237. 69.4655, 55.5329
1238. 69.4655, 55.5680
1239. 69.4655, 55.6030
1240. 69.4655, 55.6380
1241. 69.4655, 55.6731
1242. 69.4655, 55.7081
1243. 69.4655, 55.7431
1244. 69.4655, 55.7781
1245. 69.4655, 55.8132
1246. 69.4655, 55.8482
1247. 69.4655, 55.8832
1248. 69.4655, 55.9183
1249. 69.4655, 55.9533
1250. 69.4655, 55.9883
1251. 69.4655, 56.0234
1252. 69.4655, 56.0584
1253. 69.4655, 56.0934
1254. 69.4655, 56.1284
1255. 69.4655, 56.1635
1256. 69.4655, 56.1985
1257. 69.4655, 56.2335
1258. 69.4655, 56.2686
1259. 69.4545, 56.3036
1260. 69.4545, 56.3386
1261. 69.4545, 56.3736
1262. 69.4545, 56.4087
1263. 69.4545, 56.4437
1264. 69.4545, 56.4787
1265. 69.4545, 56.5138
1266. 69.4545, 56.5488
1267. 69.4545, 56.5838
1268. 69.4545, 56.6188
1269. 69.4545, 56.6539
1270. 69.4545, 56.6889
1271. 69.4545, 56.7239
1272. 69.4545, 56.7590
1273. 69.4545, 56.7940
1274. 69.4545, 56.8290
1275. 69.4545, 56.8641
1276. 69.4545, 56.8991
1277. 69.4545, 56.9341
1278. 69.4545, 56.9691
1279. 69.4545, 57.0042
1280. 69.4545, 57.0392
1281. 69.4545, 57.0742
1282. 69.4545, 57.1093
1283. 69.4545, 57.1443
1284. 69.4545, 57.1793
1285. 69.4545, 57.2143
1286. 69.4545, 57.2494
1287. 69.4545, 57.2844
1288. 69.4545, 57.3194
1289. 69.4545, 57.3545
1290. 69.4545, 57.3895
1291. 69.4545, 57.4245
1292. 69.4545, 57.4595
1293. 69.4545, 57.4946
1294. 69.4545, 57.5296
1295. 69.4545, 57.5646
1296. 69.4545, 57.5997
1297. 69.4545, 57.6347
1298. 69.4545, 57.6697
1299. 69.4545, 57.7048
1300. 69.4545, 57.7398
1301. 69.4545, 57.7748
1302. 69.4545, 57.8098
1303. 69.4545, 57.8449
1304. 69.4545, 57.8799
1305. 69.4545, 57.9149
1306. 69.4545, 57.9500
1307. 69.4545, 57.9850
1308. 69.4545, 58.0200
1309. 69.4545, 58.0550
1310. 69.4545, 58.0901
1311. 69.4545, 58.1251
1312. 69.4545, 58.1601
1313. 69.4545, 58.1952
1314. 69.4545, 58.2302
1315. 69.4545, 58.2652
1316. 69.4545, 58.3003
1317. 69.4545, 58.3353
1318. 69.4434, 58.3703
1319. 69.4545, 58.4053
1320. 69.4655, 58.4053
1321. 69.4765, 58.4053
1322. 69.4875, 58.4053
1323. 69.4985, 58.4053
1324. 69.5095, 58.4053
1325. 69.5205, 58.4053
1326. 69.5315, 58.4053
1327. 69.5425, 58.4053
1328. 69.5536, 58.4053
1329. 69.5646, 58.4053
1330. 69.5756, 58.4053
1331. 69.5866, 58.4053
1332. 69.5976, 58.4053
1333. 69.6086, 58.4053
1334. 69.6196, 58.4053
1335. 69.6306, 58.4053
1336. 69.6416, 58.4053
1337. 69.6527, 58.4053
1338. 69.6637, 58.4053
1339. 69.6747, 58.4053
1340. 69.6857, 58.4053
1341. 69.6967, 58.4053
1342. 69.7077, 58.4053
1343. 69.7187, 58.4053
1344. 69.7297, 58.4053
1345. 69.7407, 58.4053
1346. 69.7518, 58.4053
1347. 69.7628, 58.4053
1348. 69.7738, 58.4053
1349. 69.7848, 58.4053
1350. 69.7958, 58.4053
1351. 69.8068, 58.4053
1352. 69.8178, 58.4053
1353. 69.8288, 58.4053
1354. 69.8398, 58.4053
1355. 69.8509, 58.4053
1356. 69.8619, 58.4053
1357. 69.8729, 58.4053
1358. 69.8839, 58.4053
1359. 69.8949, 58.4053
1360. 69.9059, 58.4053
1361. 69.9169, 58.4053
1362. 69.9279, 58.4053
1363. 69.9389, 58.4053
1364. 69.9499, 58.4053
1365. 69.9610, 58.4053
1366. 69.9720, 58.4053
1367. 69.9830, 58.4053
1368. 69.9940, 58.4053
1369. 70.0050, 58.4053
1370. 70.0160, 58.4053
1371. 70.0270, 58.4053
1372. 70.0380, 58.4053
1373. 70.0490, 58.4053
1374. 70.0601, 58.4053
1375. 70.0711, 58.4053
1376. 70.0821, 58.4053
1377. 70.0931, 58.4053
1378. 70.1041, 58.4053
1379. 70.1151, 58.4053
1380. 70.1261, 58.4053
1381. 70.1371, 58.4053
1382. 70.1481, 58.4053
1383. 70.1592, 58.4053
1384. 70.1702, 58.4053
1385. 70.1812, 58.4053
1386. 70.1922, 58.4053
1387. 70.2032, 58.4053
1388. 70.2142, 58.4053
1389. 70.2252, 58.4053
1390. 70.2362, 58.4053
1391. 70.2472, 58.4053
1392. 70.2583, 58.4053
1393. 70.2693, 58.4053
1394. 70.2803, 58.4404
1395. 70.2913, 58.4754
1396. 70.3023, 58.4754
1397. 70.3133, 58.4754
1398. 70.3243, 58.4754
1399. 70.3353, 58.4754
1400. 70.3463, 58.5104
1401. 70.3574, 58.5455
1402. 70.3463, 58.5805
1403. 70.3463, 58.6155
1404. 70.3574, 58.6505
1405. 70.3684, 58.6856
1406. 70.3794, 58.7206
1407. 70.3904, 58.7206
1408. 70.4014, 58.7206
1409. 70.4124, 58.7206
1410. 70.4234, 58.7206
1411. 70.4344, 58.7556
1412. 70.4454, 58.7907
1413. 70.4454, 58.8257
1414. 70.4454, 58.8607
1415. 70.4454, 58.8957
1416. 70.4565, 58.9308
1417. 70.4675, 58.9658
1418. 70.4785, 59.0008
1419. 70.4785, 59.0359
1420. 70.4675, 59.0709
1421. 70.4565, 59.1059
1422. 70.4454, 59.1410
1423. 70.4344, 59.1760
1424. 70.4234, 59.2110
1425. 70.4124, 59.2460
1426. 70.4014, 59.2811
1427. 70.3904, 59.3161
1428. 70.3794, 59.3511
1429. 70.3684, 59.3862
1430. 70.3574, 59.4212
1431. 70.3463, 59.4562
1432. 70.3353, 59.4912
1433. 70.3243, 59.5263
1434. 70.3133, 59.5613
1435. 70.3023, 59.5963
1436. 70.2913, 59.6314
1437. 70.2803, 59.6664
1438. 70.2693, 59.7014
1439. 70.2583, 59.7364
1440. 70.2472, 59.7715
1441. 70.2362, 59.8065
1442. 70.2252, 59.8415
1443. 70.2142, 59.8766
1444. 70.2032, 59.9116
1445. 70.1922, 59.9466
1446. 70.1812, 59.9817
1447. 70.1702, 60.0167
1448. 70.1592, 60.0517
1449. 70.1481, 60.0867
1450. 70.1371, 60.1218
1451. 70.1261, 60.1568
1452. 70.1151, 60.1918
1453. 70.1041, 60.2269
1454. 70.0931, 60.2619
1455. 70.0821, 60.2969
1456. 70.0711, 60.3319
1457. 70.0601, 60.3670
1458. 70.0490, 60.4020
1459. 70.0380, 60.4370
1460. 70.0270, 60.4721
1461. 70.0160, 60.5071
1462. 70.0050, 60.5421
1463. 69.9940, 60.5771
1464. 69.9830, 60.6122
1465. 69.9720, 60.6472
1466. 69.9610, 60.6822
1467. 69.9499, 60.7173
1468. 69.9499, 60.7523
1469. 69.9499, 60.7873
1470. 69.9499, 60.8224
1471. 69.9499, 60.8574
1472. 69.9499, 60.8924
1473. 69.9499, 60.9274
1474. 69.9499, 60.9625
1475. 69.9499, 60.9975
1476. 69.9499, 61.0325
1477. 69.9499, 61.0676
1478. 69.9499, 61.1026
1479. 69.9499, 61.1376
1480. 69.9499, 61.1726
1481. 69.9499, 61.2077
1482. 69.9389, 61.2427
1483. 69.9279, 61.2777
1484. 69.9169, 61.3128
1485. 69.9059, 61.3478
1486. 69.8949, 61.3828
1487. 69.8839, 61.4178
1488. 69.8729, 61.4529
1489. 69.8619, 61.4879
1490. 69.8509, 61.5229
1491. 69.8398, 61.5580
1492. 69.8288, 61.5930
1493. 69.8178, 61.6280
1494. 69.8068, 61.6631
1495. 69.7958, 61.6981
1496. 69.7848, 61.7331
1497. 69.7738, 61.7681
1498. 69.7628, 61.8032
1499. 69.7628, 61.8382
1500. 69.7628, 61.8732
1501. 69.7628, 61.9083
1502. 69.7628, 61.9433
1503. 69.7628, 61.9783
1504. 69.7628, 62.0133
1505. 69.7518, 62.0484
1506. 69.7518, 62.0834
1507. 69.7518, 62.1184
1508. 69.7518, 62.1535
1509. 69.7518, 62.1885
1510. 69.7518, 62.2235
1511. 69.7518, 62.2585
1512. 69.7518, 62.2936
1513. 69.7518, 62.3286
1514. 69.7518, 62.3636
1515. 69.7518, 62.3987
1516. 69.7518, 62.4337
1517. 69.7518, 62.4687
1518. 69.7518, 62.5038
1519. 69.7518, 62.5388
1520. 69.7518, 62.5738
1521. 69.7518, 62.6088
1522. 69.7518, 62.6439
1523. 69.7407, 62.6789
1524. 69.7407, 62.7139
1525. 69.7407, 62.7490
1526. 69.7297, 62.7840
1527. 69.7297, 62.8190
1528. 69.7297, 62.8540
1529. 69.7187, 62.8891
1530. 69.7187, 62.9241
1531. 69.7187, 62.9591
1532. 69.7077, 62.9942
1533. 69.7077, 63.0292
1534. 69.7077, 63.0642
1535. 69.6967, 63.0992
1536. 69.6967, 63.1343
1537. 69.6967, 63.1693
1538. 69.6857, 63.2043
1539. 69.6857, 63.2394
1540. 69.6857, 63.2744
1541. 69.6857, 63.3094
1542. 69.6857, 63.3445
1543. 69.6747, 63.3795
1544. 69.6747, 63.4145
1545. 69.6747, 63.4495
1546. 69.6637, 63.4846
1547. 69.6527, 63.5196
1548. 69.6527, 63.5546
1549. 69.6416, 63.5897
1550. 69.6306, 63.6247
1551. 69.6306, 63.6597
1552. 69.6196, 63.6947
1553. 69.6196, 63.7298
1554. 69.6086, 63.7648
1555. 69.5976, 63.7998
1556. 69.5976, 63.8349
1557. 69.5866, 63.8699
1558. 69.5866, 63.9049
1559. 69.5866, 63.9399
1560. 69.5756, 63.9750
1561. 69.5756, 64.0100
1562. 69.5646, 64.0450
1563. 69.5646, 64.0801
1564. 69.5536, 64.1151
1565. 69.5536, 64.1501
1566. 69.5425, 64.1852
1567. 69.5315, 64.2202
1568. 69.5205, 64.2552
1569. 69.5095, 64.2902
1570. 69.4985, 64.3253
1571. 69.4985, 64.3603
1572. 69.4875, 64.3953
1573. 69.4765, 64.4304
1574. 69.4765, 64.4654
1575. 69.4655, 64.5004
1576. 69.4545, 64.5354
1577. 69.4434, 64.5705
1578. 69.4324, 64.6055
1579. 69.4214, 64.6405
1580. 69.4104, 64.6756
1581. 69.4104, 64.7106
1582. 69.4104, 64.7456
1583. 69.4104, 64.7807
1584. 69.4104, 64.8157
1585. 69.4104, 64.8507
1586. 69.4104, 64.8857
1587. 69.4104, 64.9208
1588. 69.4104, 64.9558
1589. 69.4104, 64.9908
1590. 69.4104, 65.0259
1591. 69.4104, 65.0609
1592. 69.4104, 65.0959
1593. 69.4104, 65.1309
1594. 69.4104, 65.1660
1595. 69.4104, 65.2010
1596. 69.4104, 65.2360
1597. 69.4104, 65.2711
1598. 69.4104, 65.3061
1599. 69.4104, 65.3411
1600. 69.4104, 65.3761
1601. 69.4104, 65.4112
1602. 69.4104, 65.4462
1603. 69.4104, 65.4812
1604. 69.4104, 65.5163
1605. 69.4104, 65.5513
1606. 69.4104, 65.5863
1607. 69.4104, 65.6214
